# This file was produced by bcftools stats (1.24+htslib-1.24) and can be plotted using plot-vcfstats.
# The command line was:	bcftools stats  -F data/ref/GRCh38_no_alt_analysis_set.fna results_exome/vcf/NA12878.autosomes.vcf.gz
#
# Definition of sets:
# ID	[2]id	[3]tab-separated file names
ID	0	results_exome/vcf/NA12878.autosomes.vcf.gz
# SN, Summary numbers:
#   number of records   .. number of data rows in the VCF
#   number of no-ALTs   .. reference-only sites, ALT is either "." or identical to REF
#   number of SNPs      .. number of rows with a SNP
#   number of MNPs      .. number of rows with a MNP, such as CC>TT
#   number of indels    .. number of rows with an indel
#   number of others    .. number of rows with other type, for example a symbolic allele or
#                          a complex substitution, such as ACT>TCGA
#   number of multiallelic sites     .. number of rows with multiple alternate alleles
#   number of multiallelic SNP sites .. number of rows with multiple alternate alleles, all SNPs
# 
#   Note that rows containing multiple types will be counted multiple times, in each
#   counter. For example, a row with a SNP and an indel increments both the SNP and
#   the indel counter.
# 
# SN	[2]id	[3]key	[4]value
SN	0	number of samples:	1
SN	0	number of records:	1640383
SN	0	number of no-ALTs:	0
SN	0	number of SNPs:	1554300
SN	0	number of MNPs:	0
SN	0	number of indels:	86083
SN	0	number of others:	0
SN	0	number of multiallelic sites:	0
SN	0	number of multiallelic SNP sites:	0
# TSTV, transitions/transversions
#   - transitions, see https://en.wikipedia.org/wiki/Transition_(genetics)
#   - transversions, see https://en.wikipedia.org/wiki/Transversion
# TSTV	[2]id	[3]ts	[4]tv	[5]ts/tv	[6]ts (1st ALT)	[7]tv (1st ALT)	[8]ts/tv (1st ALT)
TSTV	0	826187	728113	1.13	826187	728113	1.13
# ICS, Indel context:
#   - repeat-consistent, inconsistent and n/a: experimental and useless stats [DEPRECATED]
# ICS	[2]id	[3]repeat-consistent	[4]repeat-inconsistent	[5]not applicable	[6]c/(c+i) ratio
ICS	0	14043	1924	70116	0.8795
# ICL, Indel context by length:
#   - repeat-consistent, inconsistent and n/a: experimental and useless stats [DEPRECATED]
# ICL	[2]id	[3]length of repeat element	[4]repeat-consistent deletions)	[5]repeat-inconsistent deletions	[6]consistent insertions	[7]inconsistent insertions	[8]c/(c+i) ratio
ICL	0	2	4493	325	2440	459	0.8984
ICL	0	3	1821	217	822	253	0.8490
ICL	0	4	1997	173	996	179	0.8948
ICL	0	5	586	73	357	63	0.8740
ICL	0	6	208	47	78	48	0.7507
ICL	0	7	61	18	14	12	0.7143
ICL	0	8	70	10	12	15	0.7664
ICL	0	9	43	8	6	10	0.7313
ICL	0	10	30	7	9	7	0.7358
# SiS, Singleton stats:
#   - allele count, i.e. the number of singleton genotypes (AC=1)
#   - number of transitions, see above
#   - number of transversions, see above
#   - repeat-consistent, inconsistent and n/a: experimental and useless stats [DEPRECATED]
# SiS	[2]id	[3]allele count	[4]number of SNPs	[5]number of transitions	[6]number of transversions	[7]number of indels	[8]repeat-consistent	[9]repeat-inconsistent	[10]not applicable
SiS	0	1	314768	144026	170742	29341	5152	462	23727
# AF, Stats by non-reference allele frequency:
# AF	[2]id	[3]allele frequency	[4]number of SNPs	[5]number of transitions	[6]number of transversions	[7]number of indels	[8]repeat-consistent	[9]repeat-inconsistent	[10]not applicable
AF	0	0.000000	314768	144026	170742	29341	5152	462	23727
AF	0	0.990000	1239532	682161	557371	56742	8891	1462	46389
# QUAL, Stats by quality
# QUAL	[2]id	[3]Quality	[4]number of SNPs	[5]number of transitions (1st ALT)	[6]number of transversions (1st ALT)	[7]number of indels
QUAL	0	3.0	100	43	57	23
QUAL	0	3.1	6903	2338	4565	59
QUAL	0	3.2	34515	14780	19735	811
QUAL	0	3.3	116	57	59	48
QUAL	0	3.4	114	36	78	46
QUAL	0	3.5	167	62	105	53
QUAL	0	3.6	6510	2322	4188	54
QUAL	0	3.7	42204	18722	23482	1210
QUAL	0	3.8	68	25	43	126
QUAL	0	3.9	87	40	47	39
QUAL	0	4.0	72	31	41	72
QUAL	0	4.1	64	31	33	39
QUAL	0	4.2	12253	4168	8085	56
QUAL	0	4.3	47315	18530	28785	2160
QUAL	0	4.4	43	22	21	75
QUAL	0	4.5	72	33	39	67
QUAL	0	4.6	65	30	35	43
QUAL	0	4.7	70	31	39	52
QUAL	0	4.8	83	37	46	32
QUAL	0	4.9	221	107	114	61
QUAL	0	5.0	22176	11780	10396	2360
QUAL	0	5.1	53	28	25	47
QUAL	0	5.2	77	41	36	42
QUAL	0	5.3	76	37	39	45
QUAL	0	5.4	91	38	53	46
QUAL	0	5.5	126	51	75	38
QUAL	0	5.6	303	142	161	74
QUAL	0	5.7	45149	22777	22372	2124
QUAL	0	5.8	164	58	106	46
QUAL	0	5.9	146	46	100	47
QUAL	0	6.0	131	49	82	32
QUAL	0	6.1	69	34	35	45
QUAL	0	6.2	84	40	44	35
QUAL	0	6.3	128	57	71	42
QUAL	0	6.4	378	189	189	137
QUAL	0	6.5	69164	36981	32183	1222
QUAL	0	6.6	32	13	19	35
QUAL	0	6.7	52	31	21	33
QUAL	0	6.8	68	40	28	27
QUAL	0	6.9	59	26	33	42
QUAL	0	7.0	64	30	34	22
QUAL	0	7.1	170	86	84	74
QUAL	0	7.2	481	251	230	174
QUAL	0	7.3	32689	16707	15982	785
QUAL	0	7.4	69	39	30	37
QUAL	0	7.5	44	19	25	42
QUAL	0	7.6	67	39	28	35
QUAL	0	7.7	70	37	33	24
QUAL	0	7.8	74	34	40	21
QUAL	0	7.9	160	73	87	47
QUAL	0	8.0	319	139	180	108
QUAL	0	8.1	79214	42360	36854	540
QUAL	0	8.2	99	36	63	25
QUAL	0	8.3	104	34	70	44
QUAL	0	8.4	120	43	77	35
QUAL	0	8.5	155	54	101	42
QUAL	0	8.6	150	34	116	15
QUAL	0	8.7	255	103	152	37
QUAL	0	8.8	190	71	119	110
QUAL	0	8.9	45060	23579	21481	610
QUAL	0	9.0	36	15	21	25
QUAL	0	9.1	53	29	24	30
QUAL	0	9.2	46	26	20	25
QUAL	0	9.3	52	25	27	35
QUAL	0	9.4	49	24	25	30
QUAL	0	9.5	52	27	25	17
QUAL	0	9.6	107	58	49	73
QUAL	0	9.7	198	107	91	65
QUAL	0	9.8	85816	43874	41942	527
QUAL	0	9.9	40	20	20	40
QUAL	0	10.0	38	16	22	31
QUAL	0	10.1	43	17	26	53
QUAL	0	10.2	50	25	25	15
QUAL	0	10.3	73	42	31	20
QUAL	0	10.4	96	43	53	34
QUAL	0	10.5	134	54	80	62
QUAL	0	10.6	212	97	115	66
QUAL	0	10.7	95967	50677	45290	1252
QUAL	0	10.8	57	20	37	25
QUAL	0	10.9	50	17	33	46
QUAL	0	11.0	116	45	71	46
QUAL	0	11.1	69	30	39	27
QUAL	0	11.2	142	53	89	28
QUAL	0	11.3	209	63	146	48
QUAL	0	11.4	186	67	119	77
QUAL	0	11.5	362	119	243	51
QUAL	0	11.6	566	231	335	83
QUAL	0	11.7	187503	97213	90290	166
QUAL	0	11.8	261	83	178	55
QUAL	0	11.9	136	55	81	75
QUAL	0	12.0	83	29	54	25
QUAL	0	12.1	52	24	28	31
QUAL	0	12.2	66	28	38	37
QUAL	0	12.3	120	60	60	72
QUAL	0	12.4	111	52	59	53
QUAL	0	12.5	217	114	103	49
QUAL	0	12.6	1484	838	646	281
QUAL	0	12.7	17	6	11	60
QUAL	0	12.8	30	17	13	56
QUAL	0	12.9	72	32	40	143
QUAL	0	13.0	37	16	21	28
QUAL	0	13.1	39	18	21	38
QUAL	0	13.2	120	60	60	52
QUAL	0	13.3	92	48	44	50
QUAL	0	13.4	146	77	69	69
QUAL	0	13.5	403	188	215	73
QUAL	0	13.6	1215	666	549	360
QUAL	0	13.7	22	11	11	43
QUAL	0	13.8	48	22	26	72
QUAL	0	13.9	49	21	28	68
QUAL	0	14.0	42	19	23	24
QUAL	0	14.1	68	30	38	45
QUAL	0	14.2	103	46	57	68
QUAL	0	14.3	308	108	200	63
QUAL	0	14.4	256	124	132	51
QUAL	0	14.5	1830	877	953	654
QUAL	0	14.6	352	104	248	27
QUAL	0	14.7	376	114	262	27
QUAL	0	14.8	943	248	695	37
QUAL	0	14.9	527	150	377	35
QUAL	0	15.0	721	192	529	44
QUAL	0	15.1	827	214	613	56
QUAL	0	15.2	426	142	284	47
QUAL	0	15.3	267	123	144	41
QUAL	0	15.4	267	122	145	48
QUAL	0	15.5	1674	927	747	984
QUAL	0	15.6	24	12	12	33
QUAL	0	15.7	32	14	18	25
QUAL	0	15.8	25	15	10	27
QUAL	0	15.9	56	31	25	39
QUAL	0	16.0	55	33	22	27
QUAL	0	16.1	80	35	45	51
QUAL	0	16.2	168	83	85	35
QUAL	0	16.3	239	117	122	48
QUAL	0	16.4	372	185	187	69
QUAL	0	16.5	1314	756	558	586
QUAL	0	16.6	33	18	15	30
QUAL	0	16.7	25	19	6	28
QUAL	0	16.8	35	24	11	20
QUAL	0	16.9	72	46	26	31
QUAL	0	17.0	55	32	23	53
QUAL	0	17.1	81	42	39	31
QUAL	0	17.2	182	81	101	45
QUAL	0	17.3	312	134	178	43
QUAL	0	17.4	1995	1112	883	586
QUAL	0	17.5	30	18	12	26
QUAL	0	17.6	23	15	8	25
QUAL	0	17.7	26	14	12	19
QUAL	0	17.8	29	15	14	17
QUAL	0	17.9	2110	595	1515	46
QUAL	0	18.0	188	87	101	57
QUAL	0	18.1	2920	871	2049	55
QUAL	0	18.2	4854	1468	3386	44
QUAL	0	18.3	4193	1174	3019	74
QUAL	0	18.4	6856	2375	4481	449
QUAL	0	18.5	35	17	18	30
QUAL	0	18.6	31	19	12	16
QUAL	0	18.7	27	17	10	20
QUAL	0	18.8	46	30	16	53
QUAL	0	18.9	69	36	33	46
QUAL	0	19.0	86	41	45	59
QUAL	0	19.1	148	61	87	51
QUAL	0	19.2	234	111	123	38
QUAL	0	19.3	209	94	115	41
QUAL	0	19.4	2926	1679	1247	596
QUAL	0	19.5	34	20	14	35
QUAL	0	19.6	36	25	11	17
QUAL	0	19.7	27	18	9	19
QUAL	0	19.8	55	25	30	54
QUAL	0	19.9	77	46	31	40
QUAL	0	20.0	98	49	49	19
QUAL	0	20.1	199	102	97	43
QUAL	0	20.2	220	110	110	31
QUAL	0	20.3	162	77	85	43
QUAL	0	20.4	1853	1030	823	409
QUAL	0	20.5	27	14	13	28
QUAL	0	20.6	27	13	14	14
QUAL	0	20.7	224	88	136	29
QUAL	0	20.8	998	351	647	35
QUAL	0	20.9	1618	577	1041	28
QUAL	0	21.0	3427	1221	2206	40
QUAL	0	21.1	14591	4960	9631	31
QUAL	0	21.2	26452	8999	17453	33
QUAL	0	21.3	491	210	281	57
QUAL	0	21.4	24539	8913	15626	715
QUAL	0	21.5	23	12	11	37
QUAL	0	21.6	32	25	7	24
QUAL	0	21.7	49	34	15	27
QUAL	0	21.8	39	16	23	34
QUAL	0	21.9	79	49	30	25
QUAL	0	22.0	112	65	47	27
QUAL	0	22.1	121	75	46	34
QUAL	0	22.2	86	61	25	25
QUAL	0	22.3	91	63	28	40
QUAL	0	22.4	1619	965	654	502
QUAL	0	22.5	16	9	7	33
QUAL	0	22.6	9	4	5	20
QUAL	0	22.7	40	20	20	48
QUAL	0	22.8	53	28	25	28
QUAL	0	22.9	86	53	33	23
QUAL	0	23.0	108	74	34	25
QUAL	0	23.1	101	67	34	25
QUAL	0	23.2	83	49	34	36
QUAL	0	23.3	126	78	48	39
QUAL	0	23.4	1596	916	680	611
QUAL	0	23.5	16	6	10	32
QUAL	0	23.6	25	16	9	35
QUAL	0	23.7	38	19	19	30
QUAL	0	23.8	44	19	25	39
QUAL	0	23.9	107	74	33	30
QUAL	0	24.0	155	107	48	37
QUAL	0	24.1	87	60	27	45
QUAL	0	24.2	85	55	30	43
QUAL	0	24.3	150	89	61	44
QUAL	0	24.4	1779	1043	736	725
QUAL	0	24.5	13	6	7	36
QUAL	0	24.6	31	20	11	31
QUAL	0	24.7	41	25	16	18
QUAL	0	24.8	81	46	35	43
QUAL	0	24.9	107	69	38	26
QUAL	0	25.0	157	105	52	18
QUAL	0	25.1	65	47	18	26
QUAL	0	25.2	55	38	17	53
QUAL	0	25.3	178	119	59	45
QUAL	0	25.4	1988	1150	838	722
QUAL	0	25.5	8	4	4	39
QUAL	0	25.6	29	15	14	64
QUAL	0	25.7	32	19	13	35
QUAL	0	25.8	73	43	30	34
QUAL	0	25.9	106	69	37	30
QUAL	0	26.0	154	91	63	24
QUAL	0	26.1	69	43	26	20
QUAL	0	26.2	81	53	28	33
QUAL	0	26.3	198	115	83	45
QUAL	0	26.4	2078	1180	898	858
QUAL	0	26.5	23	15	8	35
QUAL	0	26.6	35	19	16	43
QUAL	0	26.7	47	34	13	19
QUAL	0	26.8	80	48	32	20
QUAL	0	26.9	110	79	31	15
QUAL	0	27.0	165	117	48	17
QUAL	0	27.1	61	39	22	23
QUAL	0	27.2	94	58	36	31
QUAL	0	27.3	238	149	89	49
QUAL	0	27.4	2339	1332	1007	608
QUAL	0	27.5	32	21	11	107
QUAL	0	27.6	28	15	13	146
QUAL	0	27.7	68	41	27	45
QUAL	0	27.8	131	91	40	39
QUAL	0	27.9	146	95	51	31
QUAL	0	28.0	157	101	56	34
QUAL	0	28.1	53	33	20	26
QUAL	0	28.2	80	50	30	32
QUAL	0	28.3	243	160	83	47
QUAL	0	28.4	2524	1454	1070	761
QUAL	0	28.5	28	14	14	25
QUAL	0	28.6	35	13	22	23
QUAL	0	28.7	60	35	25	17
QUAL	0	28.8	91	55	36	17
QUAL	0	28.9	204	133	71	47
QUAL	0	29.0	75	43	32	15
QUAL	0	29.1	27	16	11	19
QUAL	0	29.2	61	40	21	43
QUAL	0	29.3	211	146	65	65
QUAL	0	29.4	3098	1761	1337	509
QUAL	0	29.5	19	9	10	19
QUAL	0	29.6	55	32	23	27
QUAL	0	29.7	53	35	18	25
QUAL	0	29.8	96	56	40	17
QUAL	0	29.9	215	141	74	27
QUAL	0	30.0	92	62	30	24
QUAL	0	30.1	35	19	16	21
QUAL	0	30.2	58	36	22	22
QUAL	0	30.3	325	221	104	22
QUAL	0	30.4	271763	141600	130163	2263
QUAL	0	30.5	61	34	27	34
QUAL	0	30.6	41	23	18	21
QUAL	0	30.7	71	48	23	44
QUAL	0	30.8	111	80	31	11
QUAL	0	30.9	159	111	48	16
QUAL	0	31.0	85	58	27	14
QUAL	0	31.1	62	30	32	65
QUAL	0	31.2	39	23	16	29
QUAL	0	31.3	187	108	79	39
QUAL	0	31.4	1116	772	344	402
QUAL	0	31.5	33	22	11	20
QUAL	0	31.6	66	45	21	16
QUAL	0	31.7	134	75	59	35
QUAL	0	31.8	204	132	72	20
QUAL	0	31.9	228	150	78	17
QUAL	0	32.0	83	55	28	20
QUAL	0	32.1	20	10	10	9
QUAL	0	32.2	48	29	19	26
QUAL	0	32.3	251	167	84	60
QUAL	0	32.4	1621	1098	523	568
QUAL	0	32.5	42	22	20	27
QUAL	0	32.6	63	42	21	18
QUAL	0	32.7	111	80	31	22
QUAL	0	32.8	134	89	45	13
QUAL	0	32.9	150	97	53	8
QUAL	0	33.0	62	36	26	13
QUAL	0	33.1	19	9	10	51
QUAL	0	33.2	38	16	22	25
QUAL	0	33.3	190	130	60	40
QUAL	0	33.4	1570	1058	512	321
QUAL	0	33.5	23	13	10	36
QUAL	0	33.6	27	17	10	31
QUAL	0	33.7	34	19	15	9
QUAL	0	33.8	59	43	16	83
QUAL	0	33.9	64	35	29	18
QUAL	0	34.0	69	48	21	16
QUAL	0	34.1	31	20	11	24
QUAL	0	34.2	46	29	17	30
QUAL	0	34.3	117	82	35	43
QUAL	0	34.4	2207	1440	767	560
QUAL	0	34.5	22	12	10	23
QUAL	0	34.6	33	22	11	105
QUAL	0	34.7	45	33	12	8
QUAL	0	34.8	38	25	13	6
QUAL	0	34.9	84	58	26	13
QUAL	0	35.0	26	13	13	18
QUAL	0	35.1	29	21	8	17
QUAL	0	35.2	34	20	14	21
QUAL	0	35.3	120	76	44	55
QUAL	0	35.4	2311	1518	793	350
QUAL	0	35.5	41	26	15	47
QUAL	0	35.6	35	23	12	19
QUAL	0	35.7	54	36	18	13
QUAL	0	35.8	62	44	18	17
QUAL	0	35.9	89	59	30	14
QUAL	0	36.0	34	20	14	21
QUAL	0	36.1	28	17	11	28
QUAL	0	36.2	36	22	14	27
QUAL	0	36.3	143	88	55	58
QUAL	0	36.4	3229	2222	1007	530
QUAL	0	36.5	35	27	8	29
QUAL	0	36.6	26	19	7	6
QUAL	0	36.7	42	22	20	8
QUAL	0	36.8	65	41	24	11
QUAL	0	36.9	85	52	33	12
QUAL	0	37.0	22	17	5	15
QUAL	0	37.1	35	20	15	22
QUAL	0	37.2	42	19	23	50
QUAL	0	37.3	136	87	49	35
QUAL	0	37.4	3244	2207	1037	407
QUAL	0	37.5	23	12	11	25
QUAL	0	37.6	41	23	18	18
QUAL	0	37.7	57	36	21	12
QUAL	0	37.8	76	48	28	14
QUAL	0	37.9	85	61	24	10
QUAL	0	38.0	15	13	2	21
QUAL	0	38.1	33	22	11	38
QUAL	0	38.2	55	32	23	34
QUAL	0	38.3	126	82	44	43
QUAL	0	38.4	3593	2411	1182	437
QUAL	0	38.5	25	18	7	22
QUAL	0	38.6	35	22	13	6
QUAL	0	38.7	44	32	12	9
QUAL	0	38.8	70	48	22	16
QUAL	0	38.9	57	38	19	13
QUAL	0	39.0	22	12	10	29
QUAL	0	39.1	42	26	16	29
QUAL	0	39.2	51	26	25	30
QUAL	0	39.3	137	90	47	67
QUAL	0	39.4	4696	3205	1491	371
QUAL	0	39.5	28	19	9	31
QUAL	0	39.6	52	39	13	19
QUAL	0	39.7	61	46	15	9
QUAL	0	39.8	71	52	19	18
QUAL	0	39.9	58	42	16	16
QUAL	0	40.0	19	9	10	43
QUAL	0	40.1	30	15	15	14
QUAL	0	40.2	117	73	44	47
QUAL	0	40.3	94	60	34	49
QUAL	0	40.4	5360	3550	1810	404
QUAL	0	40.5	22	12	10	19
QUAL	0	40.6	17	12	5	13
QUAL	0	40.7	36	24	12	13
QUAL	0	40.8	30	18	12	14
QUAL	0	40.9	36	21	15	19
QUAL	0	41.0	32	17	15	31
QUAL	0	41.1	47	26	21	21
QUAL	0	41.2	77	52	25	36
QUAL	0	41.3	110	64	46	32
QUAL	0	41.4	6150	4184	1966	334
QUAL	0	41.5	24	14	10	24
QUAL	0	41.6	27	21	6	18
QUAL	0	41.7	26	18	8	12
QUAL	0	41.8	25	12	13	15
QUAL	0	41.9	22	12	10	18
QUAL	0	42.0	26	12	14	12
QUAL	0	42.1	50	37	13	17
QUAL	0	42.2	103	65	38	42
QUAL	0	42.3	110	65	45	22
QUAL	0	42.4	4505	3049	1456	324
QUAL	0	42.5	42	25	17	16
QUAL	0	42.6	22	13	9	17
QUAL	0	42.7	27	17	10	15
QUAL	0	42.8	26	16	10	3
QUAL	0	42.9	23	14	9	37
QUAL	0	43.0	23	15	8	16
QUAL	0	43.1	43	26	17	13
QUAL	0	43.2	91	55	36	40
QUAL	0	43.3	127	84	43	35
QUAL	0	43.4	4913	3284	1629	577
QUAL	0	43.5	23	15	8	24
QUAL	0	43.6	24	10	14	26
QUAL	0	43.7	44	25	19	10
QUAL	0	43.8	25	15	10	6
QUAL	0	43.9	31	23	8	50
QUAL	0	44.0	29	12	17	22
QUAL	0	44.1	65	44	21	21
QUAL	0	44.2	96	59	37	46
QUAL	0	44.3	132	85	47	38
QUAL	0	44.4	5265	3482	1783	251
QUAL	0	44.5	21	12	9	23
QUAL	0	44.6	37	26	11	34
QUAL	0	44.7	29	18	11	17
QUAL	0	44.8	15	8	7	9
QUAL	0	44.9	15	9	6	63
QUAL	0	45.0	27	18	9	20
QUAL	0	45.1	63	43	20	10
QUAL	0	45.2	119	74	45	33
QUAL	0	45.3	161	109	52	47
QUAL	0	45.4	6241	4144	2097	230
QUAL	0	45.5	36	21	15	28
QUAL	0	45.6	72	45	27	9
QUAL	0	45.7	29	15	14	15
QUAL	0	45.8	8	4	4	18
QUAL	0	45.9	16	9	7	40
QUAL	0	46.0	20	13	7	16
QUAL	0	46.1	112	68	44	12
QUAL	0	46.2	102	60	42	34
QUAL	0	46.3	197	131	66	54
QUAL	0	46.4	3047	2052	995	259
QUAL	0	46.5	42	31	11	22
QUAL	0	46.6	78	47	31	12
QUAL	0	46.7	27	16	11	12
QUAL	0	46.8	7	4	3	39
QUAL	0	46.9	14	8	6	13
QUAL	0	47.0	35	23	12	14
QUAL	0	47.1	144	96	48	17
QUAL	0	47.2	82	50	32	39
QUAL	0	47.3	153	100	53	37
QUAL	0	47.4	2159	1447	712	225
QUAL	0	47.5	38	28	10	23
QUAL	0	47.6	41	32	9	14
QUAL	0	47.7	16	12	4	3
QUAL	0	47.8	11	6	5	47
QUAL	0	47.9	16	15	1	20
QUAL	0	48.0	44	29	15	14
QUAL	0	48.1	107	67	40	24
QUAL	0	48.2	123	74	49	43
QUAL	0	48.3	184	133	51	36
QUAL	0	48.4	2819	1896	923	281
QUAL	0	48.5	57	33	24	21
QUAL	0	48.6	64	41	23	10
QUAL	0	48.7	40	24	16	10
QUAL	0	48.8	58	32	26	374
QUAL	0	48.9	31	18	13	21
QUAL	0	49.0	40	26	14	9
QUAL	0	49.1	137	91	46	13
QUAL	0	49.2	165	104	61	32
QUAL	0	49.3	224	151	73	43
QUAL	0	49.4	2224	1525	699	233
QUAL	0	49.5	50	34	16	19
QUAL	0	49.6	52	36	16	16
QUAL	0	49.7	23	11	12	12
QUAL	0	49.8	19	11	8	30
QUAL	0	49.9	33	23	10	11
QUAL	0	50.0	50	34	16	7
QUAL	0	50.1	121	84	37	23
QUAL	0	50.2	114	76	38	36
QUAL	0	50.3	209	130	79	25
QUAL	0	50.4	2953	1968	985	651
QUAL	0	50.5	191	117	74	32
QUAL	0	50.6	31	23	8	14
QUAL	0	50.7	25	15	10	8
QUAL	0	50.8	20	12	8	9
QUAL	0	50.9	48	34	14	9
QUAL	0	51.0	73	46	27	16
QUAL	0	51.1	262	176	86	27
QUAL	0	51.2	144	88	56	24
QUAL	0	51.3	206	146	60	36
QUAL	0	51.4	2525	1672	853	353
QUAL	0	51.5	213	144	69	19
QUAL	0	51.6	61	43	18	8
QUAL	0	51.7	20	13	7	5
QUAL	0	51.8	21	17	4	16
QUAL	0	51.9	35	20	15	10
QUAL	0	52.0	45	31	14	16
QUAL	0	52.1	290	189	101	29
QUAL	0	52.2	81	62	19	17
QUAL	0	52.3	151	98	53	38
QUAL	0	52.4	2725	1813	912	474
QUAL	0	52.5	49	30	19	11
QUAL	0	52.6	74	47	27	6
QUAL	0	52.7	19	13	6	9
QUAL	0	52.8	23	9	14	14
QUAL	0	52.9	27	22	5	4
QUAL	0	53.0	57	40	17	16
QUAL	0	53.1	150	105	45	32
QUAL	0	53.2	97	60	37	24
QUAL	0	53.3	117	69	48	36
QUAL	0	53.4	552	376	176	374
QUAL	0	53.5	26	18	8	14
QUAL	0	53.6	41	27	14	10
QUAL	0	53.7	14	7	7	7
QUAL	0	53.8	26	14	12	15
QUAL	0	53.9	38	26	12	13
QUAL	0	54.0	41	22	19	10
QUAL	0	54.1	112	74	38	41
QUAL	0	54.2	95	67	28	24
QUAL	0	54.3	123	82	41	33
QUAL	0	54.4	685	456	229	429
QUAL	0	54.5	54	35	19	14
QUAL	0	54.6	64	48	16	12
QUAL	0	54.7	13	7	6	9
QUAL	0	54.8	25	14	11	16
QUAL	0	54.9	23	16	7	14
QUAL	0	55.0	47	26	21	16
QUAL	0	55.1	138	100	38	24
QUAL	0	55.2	99	74	25	21
QUAL	0	55.3	111	73	38	37
QUAL	0	55.4	1627	1107	520	397
QUAL	0	55.5	39	28	11	6
QUAL	0	55.6	35	25	10	6
QUAL	0	55.7	23	16	7	12
QUAL	0	55.8	40	19	21	11
QUAL	0	55.9	19	17	2	8
QUAL	0	56.0	38	28	10	11
QUAL	0	56.1	111	75	36	34
QUAL	0	56.2	130	86	44	12
QUAL	0	56.3	132	80	52	29
QUAL	0	56.4	948	651	297	378
QUAL	0	56.5	117	77	40	11
QUAL	0	56.6	17	10	7	8
QUAL	0	56.7	13	8	5	9
QUAL	0	56.8	21	16	5	16
QUAL	0	56.9	26	16	10	6
QUAL	0	57.0	54	32	22	9
QUAL	0	57.1	132	93	39	40
QUAL	0	57.2	60	40	20	22
QUAL	0	57.3	94	63	31	42
QUAL	0	57.4	1283	882	401	368
QUAL	0	57.5	85	57	28	11
QUAL	0	57.6	10	6	4	12
QUAL	0	57.7	20	13	7	11
QUAL	0	57.8	27	13	14	17
QUAL	0	57.9	29	20	9	10
QUAL	0	58.0	70	46	24	13
QUAL	0	58.1	134	91	43	30
QUAL	0	58.2	109	76	33	17
QUAL	0	58.3	139	82	57	35
QUAL	0	58.4	2058	1406	652	381
QUAL	0	58.5	162	111	51	15
QUAL	0	58.6	11	8	3	9
QUAL	0	58.7	25	12	13	9
QUAL	0	58.8	23	11	12	21
QUAL	0	58.9	24	10	14	10
QUAL	0	59.0	48	34	14	6
QUAL	0	59.1	230	144	86	18
QUAL	0	59.2	47	30	17	17
QUAL	0	59.3	83	60	23	24
QUAL	0	59.4	3410	2324	1086	354
QUAL	0	59.5	12	5	7	17
QUAL	0	59.6	8	5	3	9
QUAL	0	59.7	15	12	3	10
QUAL	0	59.8	18	11	7	20
QUAL	0	59.9	25	17	8	11
QUAL	0	60.0	30	12	18	17
QUAL	0	60.1	39	22	17	38
QUAL	0	60.2	51	33	18	18
QUAL	0	60.3	88	59	29	33
QUAL	0	60.4	4737	3240	1497	399
QUAL	0	60.5	10	6	4	8
QUAL	0	60.6	7	4	3	8
QUAL	0	60.7	8	3	5	11
QUAL	0	60.8	19	11	8	15
QUAL	0	60.9	44	29	15	8
QUAL	0	61.0	33	20	13	15
QUAL	0	61.1	38	26	12	11
QUAL	0	61.2	64	35	29	18
QUAL	0	61.3	80	51	29	34
QUAL	0	61.4	2642	1760	882	337
QUAL	0	61.5	16	11	5	16
QUAL	0	61.6	18	10	8	7
QUAL	0	61.7	19	11	8	10
QUAL	0	61.8	21	13	8	8
QUAL	0	61.9	22	16	6	14
QUAL	0	62.0	26	16	10	18
QUAL	0	62.1	51	35	16	16
QUAL	0	62.2	54	30	24	11
QUAL	0	62.3	100	62	38	19
QUAL	0	62.4	3817	2591	1226	344
QUAL	0	62.5	13	7	6	14
QUAL	0	62.6	27	13	14	9
QUAL	0	62.7	19	11	8	6
QUAL	0	62.8	24	15	9	16
QUAL	0	62.9	29	17	12	13
QUAL	0	63.0	38	29	9	19
QUAL	0	63.1	41	24	17	20
QUAL	0	63.2	61	44	17	34
QUAL	0	63.3	98	70	28	39
QUAL	0	63.4	4456	2940	1516	352
QUAL	0	63.5	17	8	9	6
QUAL	0	63.6	17	10	7	13
QUAL	0	63.7	19	14	5	14
QUAL	0	63.8	20	14	6	11
QUAL	0	63.9	26	16	10	19
QUAL	0	64.0	28	15	13	28
QUAL	0	64.1	35	20	15	8
QUAL	0	64.2	56	39	17	22
QUAL	0	64.3	97	59	38	26
QUAL	0	64.4	8749	5877	2872	370
QUAL	0	64.5	16	10	6	8
QUAL	0	64.6	14	9	5	8
QUAL	0	64.7	24	13	11	17
QUAL	0	64.8	23	17	6	9
QUAL	0	64.9	46	25	21	9
QUAL	0	65.0	38	21	17	29
QUAL	0	65.1	40	22	18	19
QUAL	0	65.2	68	51	17	13
QUAL	0	65.3	133	92	41	33
QUAL	0	65.4	3336	2284	1052	346
QUAL	0	65.5	20	18	2	15
QUAL	0	65.6	17	12	5	5
QUAL	0	65.7	28	18	10	18
QUAL	0	65.8	34	25	9	7
QUAL	0	65.9	35	25	10	20
QUAL	0	66.0	36	24	12	12
QUAL	0	66.1	31	20	11	17
QUAL	0	66.2	53	35	18	18
QUAL	0	66.3	88	60	28	33
QUAL	0	66.4	1795	1237	558	303
QUAL	0	66.5	24	13	11	19
QUAL	0	66.6	30	19	11	19
QUAL	0	66.7	53	31	22	12
QUAL	0	66.8	44	33	11	7
QUAL	0	66.9	93	61	32	19
QUAL	0	67.0	86	58	28	18
QUAL	0	67.1	96	60	36	9
QUAL	0	67.2	127	88	39	12
QUAL	0	67.3	88	54	34	33
QUAL	0	67.4	3328	2307	1021	305
QUAL	0	67.5	22	14	8	22
QUAL	0	67.6	24	15	9	4
QUAL	0	67.7	31	22	9	22
QUAL	0	67.8	224	142	82	81
QUAL	0	67.9	43	32	11	21
QUAL	0	68.0	39	25	14	20
QUAL	0	68.1	36	26	10	16
QUAL	0	68.2	42	31	11	15
QUAL	0	68.3	99	62	37	27
QUAL	0	68.4	2286	1557	729	286
QUAL	0	68.5	25	17	8	13
QUAL	0	68.6	18	8	10	10
QUAL	0	68.7	27	22	5	19
QUAL	0	68.8	27	14	13	18
QUAL	0	68.9	33	20	13	15
QUAL	0	69.0	22	7	15	19
QUAL	0	69.1	37	17	20	6
QUAL	0	69.2	53	27	26	15
QUAL	0	69.3	95	58	37	19
QUAL	0	69.4	3521	2354	1167	248
QUAL	0	69.5	14	9	5	17
QUAL	0	69.6	23	18	5	10
QUAL	0	69.7	39	27	12	17
QUAL	0	69.8	23	18	5	8
QUAL	0	69.9	43	31	12	11
QUAL	0	70.0	21	15	6	6
QUAL	0	70.1	34	24	10	21
QUAL	0	70.2	48	33	15	16
QUAL	0	70.3	72	48	24	22
QUAL	0	70.4	3851	2574	1277	353
QUAL	0	70.5	24	14	10	9
QUAL	0	70.6	24	15	9	6
QUAL	0	70.7	28	18	10	18
QUAL	0	70.8	41	27	14	10
QUAL	0	70.9	38	25	13	16
QUAL	0	71.0	27	18	9	18
QUAL	0	71.1	31	18	13	9
QUAL	0	71.2	39	18	21	11
QUAL	0	71.3	71	48	23	30
QUAL	0	71.4	7329	5050	2279	229
QUAL	0	71.5	16	4	12	4
QUAL	0	71.6	27	19	8	8
QUAL	0	71.7	28	19	9	6
QUAL	0	71.8	24	15	9	3
QUAL	0	71.9	47	29	18	15
QUAL	0	72.0	32	26	6	7
QUAL	0	72.1	36	22	14	13
QUAL	0	72.2	47	32	15	25
QUAL	0	72.3	108	72	36	31
QUAL	0	72.4	787	543	244	254
QUAL	0	72.5	16	12	4	13
QUAL	0	72.6	30	14	16	9
QUAL	0	72.7	19	13	6	12
QUAL	0	72.8	26	15	11	7
QUAL	0	72.9	28	18	10	15
QUAL	0	73.0	21	11	10	6
QUAL	0	73.1	41	28	13	7
QUAL	0	73.2	39	24	15	21
QUAL	0	73.3	67	38	29	23
QUAL	0	73.4	454	292	162	289
QUAL	0	73.5	22	11	11	6
QUAL	0	73.6	33	23	10	4
QUAL	0	73.7	28	20	8	9
QUAL	0	73.8	35	19	16	7
QUAL	0	73.9	35	23	12	7
QUAL	0	74.0	28	19	9	12
QUAL	0	74.1	28	20	8	22
QUAL	0	74.2	40	29	11	11
QUAL	0	74.3	79	45	34	31
QUAL	0	74.4	473	333	140	238
QUAL	0	74.5	15	13	2	8
QUAL	0	74.6	26	20	6	17
QUAL	0	74.7	23	15	8	12
QUAL	0	74.8	39	26	13	2
QUAL	0	74.9	32	20	12	14
QUAL	0	75.0	41	24	17	11
QUAL	0	75.1	54	37	17	13
QUAL	0	75.2	65	43	22	23
QUAL	0	75.3	112	72	40	62
QUAL	0	75.4	597	396	201	239
QUAL	0	75.5	20	10	10	10
QUAL	0	75.6	25	14	11	15
QUAL	0	75.7	12	5	7	19
QUAL	0	75.8	21	14	7	11
QUAL	0	75.9	14	10	4	15
QUAL	0	76.0	23	13	10	9
QUAL	0	76.1	25	19	6	12
QUAL	0	76.2	30	21	9	7
QUAL	0	76.3	72	46	26	26
QUAL	0	76.4	604	424	180	205
QUAL	0	76.5	20	12	8	10
QUAL	0	76.6	38	27	11	22
QUAL	0	76.7	39	25	14	13
QUAL	0	76.8	40	24	16	9
QUAL	0	76.9	58	48	10	9
QUAL	0	77.0	69	42	27	11
QUAL	0	77.1	107	79	28	4
QUAL	0	77.2	117	75	42	22
QUAL	0	77.3	81	44	37	30
QUAL	0	77.4	591	394	197	178
QUAL	0	77.5	14	8	6	10
QUAL	0	77.6	19	14	5	12
QUAL	0	77.7	26	14	12	8
QUAL	0	77.8	205	145	60	109
QUAL	0	77.9	14	8	6	14
QUAL	0	78.0	40	28	12	13
QUAL	0	78.1	40	27	13	13
QUAL	0	78.2	52	34	18	6
QUAL	0	78.3	74	53	21	34
QUAL	0	78.4	634	428	206	186
QUAL	0	78.5	12	9	3	14
QUAL	0	78.6	13	8	5	20
QUAL	0	78.7	21	16	5	11
QUAL	0	78.8	8	3	5	13
QUAL	0	78.9	21	13	8	17
QUAL	0	79.0	25	14	11	12
QUAL	0	79.1	28	23	5	6
QUAL	0	79.2	40	24	16	10
QUAL	0	79.3	96	62	34	18
QUAL	0	79.4	761	517	244	149
QUAL	0	79.5	9	6	3	12
QUAL	0	79.6	16	11	5	13
QUAL	0	79.7	29	17	12	15
QUAL	0	79.8	22	13	9	9
QUAL	0	79.9	28	19	9	5
QUAL	0	80.0	35	21	14	14
QUAL	0	80.1	32	22	10	13
QUAL	0	80.2	39	28	11	17
QUAL	0	80.3	83	51	32	18
QUAL	0	80.4	6454	4401	2053	1346
QUAL	0	80.5	15	7	8	5
QUAL	0	80.6	19	13	6	14
QUAL	0	80.7	30	24	6	6
QUAL	0	80.8	24	17	7	10
QUAL	0	80.9	25	17	8	14
QUAL	0	81.0	27	19	8	5
QUAL	0	81.1	34	20	14	10
QUAL	0	81.2	42	29	13	14
QUAL	0	81.3	98	71	27	26
QUAL	0	81.4	565	384	181	159
QUAL	0	81.5	19	11	8	3
QUAL	0	81.6	18	11	7	11
QUAL	0	81.7	28	22	6	7
QUAL	0	81.8	17	13	4	6
QUAL	0	81.9	25	17	8	8
QUAL	0	82.0	27	15	12	16
QUAL	0	82.1	31	21	10	15
QUAL	0	82.2	36	25	11	14
QUAL	0	82.3	98	69	29	25
QUAL	0	82.4	719	468	251	147
QUAL	0	82.5	14	7	7	14
QUAL	0	82.6	21	17	4	10
QUAL	0	82.7	25	18	7	4
QUAL	0	82.8	22	14	8	2
QUAL	0	82.9	36	21	15	9
QUAL	0	83.0	21	14	7	9
QUAL	0	83.1	28	15	13	15
QUAL	0	83.2	32	23	9	14
QUAL	0	83.3	102	64	38	26
QUAL	0	83.4	581	398	183	240
QUAL	0	83.5	19	14	5	7
QUAL	0	83.6	23	9	14	11
QUAL	0	83.7	31	19	12	6
QUAL	0	83.8	22	11	11	2
QUAL	0	83.9	29	18	11	4
QUAL	0	84.0	24	18	6	16
QUAL	0	84.1	45	32	13	11
QUAL	0	84.2	47	36	11	5
QUAL	0	84.3	103	72	31	30
QUAL	0	84.4	721	471	250	172
QUAL	0	84.5	18	11	7	3
QUAL	0	84.6	30	25	5	3
QUAL	0	84.7	29	13	16	3
QUAL	0	84.8	21	16	5	6
QUAL	0	84.9	22	10	12	9
QUAL	0	85.0	23	14	9	7
QUAL	0	85.1	43	29	14	14
QUAL	0	85.2	35	24	11	21
QUAL	0	85.3	73	39	34	29
QUAL	0	85.4	691	474	217	121
QUAL	0	85.5	18	14	4	15
QUAL	0	85.6	21	13	8	9
QUAL	0	85.7	19	13	6	2
QUAL	0	85.8	19	13	6	5
QUAL	0	85.9	35	25	10	4
QUAL	0	86.0	26	22	4	11
QUAL	0	86.1	34	21	13	7
QUAL	0	86.2	46	30	16	18
QUAL	0	86.3	81	49	32	30
QUAL	0	86.4	604	405	199	124
QUAL	0	86.5	23	16	7	19
QUAL	0	86.6	27	20	7	8
QUAL	0	86.7	20	14	6	6
QUAL	0	86.8	35	18	17	2
QUAL	0	86.9	19	11	8	6
QUAL	0	87.0	25	15	10	7
QUAL	0	87.1	40	20	20	9
QUAL	0	87.2	47	31	16	16
QUAL	0	87.3	62	46	16	22
QUAL	0	87.4	674	458	216	112
QUAL	0	87.5	20	16	4	8
QUAL	0	87.6	27	18	9	7
QUAL	0	87.7	13	7	6	6
QUAL	0	87.8	27	22	5	6
QUAL	0	87.9	20	12	8	10
QUAL	0	88.0	14	9	5	12
QUAL	0	88.1	31	15	16	11
QUAL	0	88.2	49	27	22	19
QUAL	0	88.3	73	49	24	21
QUAL	0	88.4	597	402	195	124
QUAL	0	88.5	19	12	7	13
QUAL	0	88.6	24	19	5	9
QUAL	0	88.7	16	9	7	6
QUAL	0	88.8	18	13	5	5
QUAL	0	88.9	18	11	7	7
QUAL	0	89.0	30	19	11	16
QUAL	0	89.1	31	22	9	7
QUAL	0	89.2	44	32	12	6
QUAL	0	89.3	72	46	26	18
QUAL	0	89.4	740	494	246	118
QUAL	0	89.5	18	11	7	12
QUAL	0	89.6	26	20	6	7
QUAL	0	89.7	17	11	6	10
QUAL	0	89.8	14	10	4	9
QUAL	0	89.9	9	5	4	10
QUAL	0	90.0	33	24	9	9
QUAL	0	90.1	27	18	9	6
QUAL	0	90.2	50	31	19	15
QUAL	0	90.3	91	56	35	24
QUAL	0	90.4	6416	4341	2075	1776
QUAL	0	90.5	16	9	7	11
QUAL	0	90.6	7	6	1	7
QUAL	0	90.7	20	12	8	8
QUAL	0	90.8	16	6	10	6
QUAL	0	90.9	20	11	9	6
QUAL	0	91.0	22	15	7	5
QUAL	0	91.1	27	16	11	11
QUAL	0	91.2	38	25	13	10
QUAL	0	91.3	79	50	29	18
QUAL	0	91.4	765	513	252	42
QUAL	0	91.5	22	16	6	12
QUAL	0	91.6	8	4	4	2
QUAL	0	91.7	18	11	7	5
QUAL	0	91.8	13	9	4	5
QUAL	0	91.9	24	14	10	6
QUAL	0	92.0	32	24	8	9
QUAL	0	92.1	18	11	7	11
QUAL	0	92.2	50	31	19	12
QUAL	0	92.3	86	62	24	24
QUAL	0	92.4	347	232	115	45
QUAL	0	92.5	14	7	7	10
QUAL	0	92.6	15	9	6	4
QUAL	0	92.7	11	9	2	2
QUAL	0	92.8	19	11	8	3
QUAL	0	92.9	20	12	8	10
QUAL	0	93.0	24	14	10	6
QUAL	0	93.1	31	23	8	7
QUAL	0	93.2	38	25	13	19
QUAL	0	93.3	80	55	25	56
QUAL	0	93.4	535	357	178	39
QUAL	0	93.5	7	6	1	4
QUAL	0	93.6	15	6	9	3
QUAL	0	93.7	10	7	3	3
QUAL	0	93.8	14	8	6	11
QUAL	0	93.9	19	13	6	8
QUAL	0	94.0	17	10	7	12
QUAL	0	94.1	32	25	7	15
QUAL	0	94.2	37	24	13	11
QUAL	0	94.3	90	61	29	25
QUAL	0	94.4	453	312	141	47
QUAL	0	94.5	18	14	4	4
QUAL	0	94.6	6	3	3	7
QUAL	0	94.7	10	7	3	4
QUAL	0	94.8	21	17	4	6
QUAL	0	94.9	29	18	11	9
QUAL	0	95.0	21	11	10	9
QUAL	0	95.1	28	26	2	12
QUAL	0	95.2	52	40	12	17
QUAL	0	95.3	74	48	26	19
QUAL	0	95.4	607	388	219	44
QUAL	0	95.5	13	8	5	6
QUAL	0	95.6	15	10	5	3
QUAL	0	95.7	12	7	5	6
QUAL	0	95.8	24	11	13	11
QUAL	0	95.9	21	15	6	2
QUAL	0	96.0	28	16	12	5
QUAL	0	96.1	31	18	13	12
QUAL	0	96.2	45	24	21	15
QUAL	0	96.3	98	72	26	24
QUAL	0	96.4	486	303	183	35
QUAL	0	96.5	12	10	2	3
QUAL	0	96.6	9	8	1	8
QUAL	0	96.7	13	9	4	2
QUAL	0	96.8	15	9	6	4
QUAL	0	96.9	22	20	2	3
QUAL	0	97.0	18	11	7	16
QUAL	0	97.1	35	24	11	15
QUAL	0	97.2	40	31	9	8
QUAL	0	97.3	87	57	30	23
QUAL	0	97.4	623	423	200	50
QUAL	0	97.5	5	3	2	4
QUAL	0	97.6	7	2	5	3
QUAL	0	97.7	13	9	4	2
QUAL	0	97.8	25	19	6	6
QUAL	0	97.9	21	9	12	6
QUAL	0	98.0	23	10	13	10
QUAL	0	98.1	26	16	10	6
QUAL	0	98.2	39	27	12	12
QUAL	0	98.3	96	62	34	20
QUAL	0	98.4	689	480	209	43
QUAL	0	98.5	14	9	5	6
QUAL	0	98.6	18	9	9	2
QUAL	0	98.7	20	14	6	5
QUAL	0	98.8	15	9	6	4
QUAL	0	98.9	13	9	4	6
QUAL	0	99.0	18	12	6	3
QUAL	0	99.1	26	16	10	10
QUAL	0	99.2	52	28	24	21
QUAL	0	99.3	83	48	35	46
QUAL	0	99.4	892	594	298	49
QUAL	0	99.5	10	9	1	5
QUAL	0	99.6	15	12	3	6
QUAL	0	99.7	17	11	6	5
QUAL	0	99.8	25	12	13	2
QUAL	0	99.9	15	11	4	10
QUAL	0	100.0	17	7	10	13
QUAL	0	100.1	41	26	15	18
QUAL	0	100.2	43	26	17	13
QUAL	0	100.3	98	67	31	26
QUAL	0	100.4	664	450	214	59
QUAL	0	100.5	6	5	1	8
QUAL	0	100.6	17	8	9	5
QUAL	0	100.7	11	7	4	6
QUAL	0	100.8	16	13	3	5
QUAL	0	100.9	24	20	4	5
QUAL	0	101.0	25	14	11	9
QUAL	0	101.1	34	26	8	12
QUAL	0	101.2	54	34	20	14
QUAL	0	101.3	101	71	30	20
QUAL	0	101.4	729	480	249	59
QUAL	0	101.5	17	9	8	9
QUAL	0	101.6	21	17	4	6
QUAL	0	101.7	21	14	7	3
QUAL	0	101.8	25	15	10	3
QUAL	0	101.9	25	17	8	11
QUAL	0	102.0	23	13	10	9
QUAL	0	102.1	48	30	18	7
QUAL	0	102.2	45	32	13	17
QUAL	0	102.3	98	63	35	35
QUAL	0	102.4	726	492	234	72
QUAL	0	102.5	17	12	5	0
QUAL	0	102.6	11	4	7	7
QUAL	0	102.7	15	10	5	5
QUAL	0	102.8	14	9	5	6
QUAL	0	102.9	14	10	4	7
QUAL	0	103.0	28	21	7	7
QUAL	0	103.1	30	20	10	13
QUAL	0	103.2	54	32	22	25
QUAL	0	103.3	99	65	34	64
QUAL	0	103.4	854	586	268	48
QUAL	0	103.5	11	6	5	3
QUAL	0	103.6	11	7	4	3
QUAL	0	103.7	11	6	5	4
QUAL	0	103.8	30	19	11	3
QUAL	0	103.9	20	15	5	3
QUAL	0	104.0	24	15	9	4
QUAL	0	104.1	45	25	20	11
QUAL	0	104.2	62	40	22	29
QUAL	0	104.3	60	32	28	15
QUAL	0	104.4	1144	772	372	52
QUAL	0	104.5	9	6	3	3
QUAL	0	104.6	19	13	6	2
QUAL	0	104.7	13	10	3	12
QUAL	0	104.8	10	6	4	8
QUAL	0	104.9	15	11	4	6
QUAL	0	105.0	15	11	4	8
QUAL	0	105.1	32	24	8	6
QUAL	0	105.2	52	37	15	12
QUAL	0	105.3	114	74	40	20
QUAL	0	105.4	422	275	147	56
QUAL	0	105.5	9	5	4	2
QUAL	0	105.6	15	10	5	4
QUAL	0	105.7	14	8	6	5
QUAL	0	105.8	14	7	7	5
QUAL	0	105.9	17	11	6	4
QUAL	0	106.0	26	19	7	4
QUAL	0	106.1	47	29	18	28
QUAL	0	106.2	49	29	20	4
QUAL	0	106.3	84	53	31	20
QUAL	0	106.4	422	286	136	69
QUAL	0	106.5	16	12	4	9
QUAL	0	106.6	11	4	7	8
QUAL	0	106.7	13	11	2	4
QUAL	0	106.8	14	10	4	5
QUAL	0	106.9	13	9	4	8
QUAL	0	107.0	30	22	8	1
QUAL	0	107.1	33	23	10	9
QUAL	0	107.2	48	38	10	14
QUAL	0	107.3	75	45	30	15
QUAL	0	107.4	664	454	210	71
QUAL	0	107.5	14	8	6	2
QUAL	0	107.6	6	4	2	2
QUAL	0	107.7	15	10	5	5
QUAL	0	107.8	15	9	6	4
QUAL	0	107.9	13	9	4	5
QUAL	0	108.0	29	18	11	6
QUAL	0	108.1	32	22	10	10
QUAL	0	108.2	51	35	16	13
QUAL	0	108.3	83	48	35	28
QUAL	0	108.4	277	181	96	79
QUAL	0	108.5	9	6	3	14
QUAL	0	108.6	22	15	7	5
QUAL	0	108.7	11	5	6	8
QUAL	0	108.8	18	12	6	4
QUAL	0	108.9	21	11	10	13
QUAL	0	109.0	22	15	7	7
QUAL	0	109.1	31	23	8	8
QUAL	0	109.2	50	35	15	22
QUAL	0	109.3	79	53	26	19
QUAL	0	109.4	252	167	85	67
QUAL	0	109.5	12	6	6	10
QUAL	0	109.6	11	8	3	12
QUAL	0	109.7	8	6	2	3
QUAL	0	109.8	19	11	8	5
QUAL	0	109.9	30	19	11	4
QUAL	0	110.0	34	23	11	12
QUAL	0	110.1	35	24	11	11
QUAL	0	110.2	47	29	18	14
QUAL	0	110.3	92	66	26	14
QUAL	0	110.4	296	204	92	71
QUAL	0	110.5	5	4	1	3
QUAL	0	110.6	9	7	2	6
QUAL	0	110.7	13	10	3	5
QUAL	0	110.8	11	7	4	7
QUAL	0	110.9	12	7	5	4
QUAL	0	111.0	25	16	9	9
QUAL	0	111.1	29	21	8	11
QUAL	0	111.2	38	24	14	13
QUAL	0	111.3	100	61	39	15
QUAL	0	111.4	291	195	96	64
QUAL	0	111.5	10	6	4	3
QUAL	0	111.6	15	11	4	0
QUAL	0	111.7	13	6	7	4
QUAL	0	111.8	16	12	4	3
QUAL	0	111.9	19	12	7	7
QUAL	0	112.0	25	17	8	13
QUAL	0	112.1	38	24	14	8
QUAL	0	112.2	48	33	15	8
QUAL	0	112.3	97	62	35	16
QUAL	0	112.4	227	149	78	63
QUAL	0	112.5	10	7	3	5
QUAL	0	112.6	12	8	4	6
QUAL	0	112.7	10	6	4	6
QUAL	0	112.8	18	11	7	4
QUAL	0	112.9	18	15	3	7
QUAL	0	113.0	29	23	6	5
QUAL	0	113.1	37	25	12	9
QUAL	0	113.2	36	28	8	15
QUAL	0	113.3	113	71	42	19
QUAL	0	113.4	294	214	80	68
QUAL	0	113.5	6	3	3	4
QUAL	0	113.6	14	12	2	4
QUAL	0	113.7	10	8	2	3
QUAL	0	113.8	15	9	6	2
QUAL	0	113.9	24	14	10	2
QUAL	0	114.0	26	16	10	8
QUAL	0	114.1	31	19	12	5
QUAL	0	114.2	32	20	12	13
QUAL	0	114.3	78	54	24	17
QUAL	0	114.4	312	212	100	61
QUAL	0	114.5	6	3	3	6
QUAL	0	114.6	9	5	4	7
QUAL	0	114.7	11	4	7	3
QUAL	0	114.8	17	13	4	4
QUAL	0	114.9	14	8	6	4
QUAL	0	115.0	36	24	12	6
QUAL	0	115.1	29	12	17	6
QUAL	0	115.2	47	33	14	9
QUAL	0	115.3	94	55	39	31
QUAL	0	115.4	391	262	129	71
QUAL	0	115.5	14	8	6	2
QUAL	0	115.6	10	6	4	3
QUAL	0	115.7	9	7	2	3
QUAL	0	115.8	10	7	3	6
QUAL	0	115.9	15	10	5	7
QUAL	0	116.0	21	17	4	14
QUAL	0	116.1	50	33	17	13
QUAL	0	116.2	46	28	18	9
QUAL	0	116.3	94	62	32	24
QUAL	0	116.4	297	211	86	75
QUAL	0	116.5	8	5	3	2
QUAL	0	116.6	11	8	3	4
QUAL	0	116.7	11	7	4	10
QUAL	0	116.8	10	6	4	5
QUAL	0	116.9	24	17	7	9
QUAL	0	117.0	22	13	9	7
QUAL	0	117.1	37	23	14	8
QUAL	0	117.2	42	29	13	17
QUAL	0	117.3	96	62	34	44
QUAL	0	117.4	344	241	103	53
QUAL	0	117.5	10	8	2	2
QUAL	0	117.6	4	3	1	13
QUAL	0	117.7	4	1	3	8
QUAL	0	117.8	11	9	2	4
QUAL	0	117.9	24	14	10	6
QUAL	0	118.0	25	16	9	2
QUAL	0	118.1	39	29	10	7
QUAL	0	118.2	42	28	14	16
QUAL	0	118.3	99	63	36	16
QUAL	0	118.4	576	393	183	67
QUAL	0	118.5	9	6	3	2
QUAL	0	118.6	7	5	2	7
QUAL	0	118.7	11	7	4	6
QUAL	0	118.8	10	7	3	7
QUAL	0	118.9	22	19	3	3
QUAL	0	119.0	32	17	15	7
QUAL	0	119.1	37	24	13	10
QUAL	0	119.2	40	27	13	12
QUAL	0	119.3	99	70	29	14
QUAL	0	119.4	463	318	145	78
QUAL	0	119.5	7	4	3	4
QUAL	0	119.6	10	10	0	6
QUAL	0	119.7	10	8	2	4
QUAL	0	119.8	14	8	6	4
QUAL	0	119.9	22	9	13	4
QUAL	0	120.0	25	16	9	6
QUAL	0	120.1	42	31	11	10
QUAL	0	120.2	46	28	18	13
QUAL	0	120.3	106	74	32	14
QUAL	0	120.4	544	359	185	54
QUAL	0	120.5	9	7	2	4
QUAL	0	120.6	11	8	3	3
QUAL	0	120.7	7	6	1	6
QUAL	0	120.8	11	8	3	7
QUAL	0	120.9	21	14	7	5
QUAL	0	121.0	23	18	5	10
QUAL	0	121.1	41	29	12	13
QUAL	0	121.2	39	25	14	11
QUAL	0	121.3	90	62	28	17
QUAL	0	121.4	772	517	255	188
QUAL	0	121.5	6	2	4	1
QUAL	0	121.6	2	1	1	3
QUAL	0	121.7	6	5	1	7
QUAL	0	121.8	9	7	2	7
QUAL	0	121.9	22	8	14	6
QUAL	0	122.0	47	31	16	5
QUAL	0	122.1	33	24	9	8
QUAL	0	122.2	49	34	15	12
QUAL	0	122.3	103	75	28	13
QUAL	0	122.4	492	328	164	48
QUAL	0	122.5	7	5	2	3
QUAL	0	122.6	9	6	3	1
QUAL	0	122.7	11	7	4	7
QUAL	0	122.8	23	18	5	6
QUAL	0	122.9	23	16	7	5
QUAL	0	123.0	23	14	9	5
QUAL	0	123.1	28	19	9	12
QUAL	0	123.2	66	51	15	13
QUAL	0	123.3	104	66	38	22
QUAL	0	123.4	949	662	287	52
QUAL	0	123.5	11	7	4	5
QUAL	0	123.6	15	9	6	6
QUAL	0	123.7	12	9	3	3
QUAL	0	123.8	9	4	5	5
QUAL	0	123.9	19	15	4	8
QUAL	0	124.0	20	14	6	4
QUAL	0	124.1	45	30	15	34
QUAL	0	124.2	53	34	19	12
QUAL	0	124.3	116	74	42	16
QUAL	0	124.4	248	156	92	44
QUAL	0	124.5	7	6	1	2
QUAL	0	124.6	17	8	9	2
QUAL	0	124.7	7	4	3	11
QUAL	0	124.8	15	9	6	11
QUAL	0	124.9	18	12	6	7
QUAL	0	125.0	28	17	11	9
QUAL	0	125.1	30	18	12	6
QUAL	0	125.2	54	41	13	11
QUAL	0	125.3	116	81	35	17
QUAL	0	125.4	258	171	87	50
QUAL	0	125.5	4	1	3	4
QUAL	0	125.6	4	2	2	6
QUAL	0	125.7	7	6	1	7
QUAL	0	125.8	11	9	2	4
QUAL	0	125.9	19	11	8	7
QUAL	0	126.0	30	19	11	3
QUAL	0	126.1	38	19	19	5
QUAL	0	126.2	63	37	26	4
QUAL	0	126.3	116	71	45	18
QUAL	0	126.4	276	194	82	37
QUAL	0	126.5	8	4	4	0
QUAL	0	126.6	12	11	1	11
QUAL	0	126.7	8	7	1	7
QUAL	0	126.8	12	8	4	3
QUAL	0	126.9	15	9	6	5
QUAL	0	127.0	32	28	4	8
QUAL	0	127.1	32	23	9	7
QUAL	0	127.2	47	33	14	18
QUAL	0	127.3	105	71	34	18
QUAL	0	127.4	296	200	96	37
QUAL	0	127.5	2	2	0	3
QUAL	0	127.6	4	3	1	3
QUAL	0	127.7	12	9	3	3
QUAL	0	127.8	16	11	5	5
QUAL	0	127.9	20	15	5	4
QUAL	0	128.0	16	9	7	8
QUAL	0	128.1	42	31	11	6
QUAL	0	128.2	51	29	22	7
QUAL	0	128.3	112	76	36	21
QUAL	0	128.4	250	151	99	50
QUAL	0	128.5	3	2	1	1
QUAL	0	128.6	6	4	2	7
QUAL	0	128.7	18	12	6	7
QUAL	0	128.8	14	9	5	4
QUAL	0	128.9	21	15	6	3
QUAL	0	129.0	35	25	10	3
QUAL	0	129.1	38	29	9	7
QUAL	0	129.2	75	51	24	12
QUAL	0	129.3	102	70	32	22
QUAL	0	129.4	268	185	83	23
QUAL	0	129.5	8	3	5	6
QUAL	0	129.6	6	4	2	2
QUAL	0	129.7	6	4	2	2
QUAL	0	129.8	13	8	5	3
QUAL	0	129.9	15	11	4	10
QUAL	0	130.0	21	14	7	5
QUAL	0	130.1	37	29	8	9
QUAL	0	130.2	48	29	19	9
QUAL	0	130.3	115	74	41	31
QUAL	0	130.4	266	184	82	40
QUAL	0	130.5	8	6	2	5
QUAL	0	130.6	6	2	4	4
QUAL	0	130.7	11	4	7	10
QUAL	0	130.8	12	7	5	6
QUAL	0	130.9	13	9	4	2
QUAL	0	131.0	16	13	3	13
QUAL	0	131.1	33	24	9	8
QUAL	0	131.2	53	34	19	9
QUAL	0	131.3	135	91	44	26
QUAL	0	131.4	238	167	71	39
QUAL	0	131.5	3	1	2	3
QUAL	0	131.6	9	5	4	2
QUAL	0	131.7	21	14	7	7
QUAL	0	131.8	18	13	5	4
QUAL	0	131.9	19	11	8	5
QUAL	0	132.0	19	15	4	9
QUAL	0	132.1	39	30	9	6
QUAL	0	132.2	68	46	22	6
QUAL	0	132.3	131	86	45	33
QUAL	0	132.4	256	183	73	37
QUAL	0	132.5	5	2	3	9
QUAL	0	132.6	7	2	5	3
QUAL	0	132.7	8	7	1	3
QUAL	0	132.8	9	5	4	10
QUAL	0	132.9	12	8	4	5
QUAL	0	133.0	21	10	11	8
QUAL	0	133.1	32	25	7	5
QUAL	0	133.2	61	47	14	3
QUAL	0	133.3	135	89	46	32
QUAL	0	133.4	224	159	65	34
QUAL	0	133.5	5	3	2	2
QUAL	0	133.6	4	3	1	1
QUAL	0	133.7	11	5	6	9
QUAL	0	133.8	14	10	4	3
QUAL	0	133.9	16	13	3	6
QUAL	0	134.0	20	8	12	2
QUAL	0	134.1	34	26	8	5
QUAL	0	134.2	50	27	23	12
QUAL	0	134.3	123	87	36	49
QUAL	0	134.4	211	146	65	47
QUAL	0	134.5	6	3	3	3
QUAL	0	134.6	14	9	5	6
QUAL	0	134.7	10	4	6	3
QUAL	0	134.8	13	9	4	5
QUAL	0	134.9	8	4	4	3
QUAL	0	135.0	16	11	5	4
QUAL	0	135.1	30	21	9	8
QUAL	0	135.2	72	50	22	13
QUAL	0	135.3	140	90	50	23
QUAL	0	135.4	207	139	68	37
QUAL	0	135.5	9	4	5	3
QUAL	0	135.6	7	2	5	0
QUAL	0	135.7	15	12	3	0
QUAL	0	135.8	16	8	8	2
QUAL	0	135.9	9	7	2	5
QUAL	0	136.0	20	14	6	4
QUAL	0	136.1	41	29	12	5
QUAL	0	136.2	51	38	13	9
QUAL	0	136.3	133	97	36	20
QUAL	0	136.4	218	148	70	23
QUAL	0	136.5	2	2	0	3
QUAL	0	136.6	9	5	4	6
QUAL	0	136.7	9	6	3	5
QUAL	0	136.8	8	6	2	7
QUAL	0	136.9	18	12	6	1
QUAL	0	137.0	22	16	6	4
QUAL	0	137.1	21	15	6	8
QUAL	0	137.2	62	46	16	17
QUAL	0	137.3	147	99	48	23
QUAL	0	137.4	248	152	96	49
QUAL	0	137.5	3	1	2	2
QUAL	0	137.6	7	6	1	4
QUAL	0	137.7	13	11	2	3
QUAL	0	137.8	9	6	3	4
QUAL	0	137.9	14	8	6	3
QUAL	0	138.0	18	11	7	5
QUAL	0	138.1	24	19	5	5
QUAL	0	138.2	76	51	25	15
QUAL	0	138.3	138	96	42	20
QUAL	0	138.4	219	148	71	43
QUAL	0	138.5	7	7	0	1
QUAL	0	138.6	6	6	0	3
QUAL	0	138.7	12	9	3	2
QUAL	0	138.8	8	4	4	5
QUAL	0	138.9	15	9	6	4
QUAL	0	139.0	17	12	5	2
QUAL	0	139.1	31	23	8	5
QUAL	0	139.2	60	45	15	6
QUAL	0	139.3	142	102	40	20
QUAL	0	139.4	527	350	177	181
QUAL	0	139.5	7	3	4	1
QUAL	0	139.6	5	3	2	4
QUAL	0	139.7	9	5	4	5
QUAL	0	139.8	16	10	6	5
QUAL	0	139.9	15	10	5	2
QUAL	0	140.0	32	22	10	16
QUAL	0	140.1	32	25	7	8
QUAL	0	140.2	70	52	18	5
QUAL	0	140.3	167	116	51	21
QUAL	0	140.4	452	289	163	177
QUAL	0	140.5	14	10	4	2
QUAL	0	140.6	8	7	1	4
QUAL	0	140.7	10	5	5	4
QUAL	0	140.8	13	7	6	2
QUAL	0	140.9	15	8	7	5
QUAL	0	141.0	27	18	9	6
QUAL	0	141.1	36	24	12	7
QUAL	0	141.2	43	31	12	8
QUAL	0	141.3	172	115	57	21
QUAL	0	141.4	228	154	74	19
QUAL	0	141.5	9	4	5	0
QUAL	0	141.6	11	6	5	2
QUAL	0	141.7	14	4	10	0
QUAL	0	141.8	14	10	4	6
QUAL	0	141.9	12	8	4	4
QUAL	0	142.0	18	12	6	5
QUAL	0	142.1	28	16	12	7
QUAL	0	142.2	57	39	18	10
QUAL	0	142.3	162	118	44	25
QUAL	0	142.4	262	189	73	28
QUAL	0	142.5	2	2	0	7
QUAL	0	142.6	7	5	2	5
QUAL	0	142.7	13	6	7	6
QUAL	0	142.8	12	9	3	1
QUAL	0	142.9	19	13	6	5
QUAL	0	143.0	31	16	15	2
QUAL	0	143.1	27	21	6	12
QUAL	0	143.2	56	37	19	8
QUAL	0	143.3	167	117	50	26
QUAL	0	143.4	266	193	73	31
QUAL	0	143.5	4	3	1	3
QUAL	0	143.6	10	6	4	3
QUAL	0	143.7	11	6	5	4
QUAL	0	143.8	14	11	3	2
QUAL	0	143.9	14	12	2	3
QUAL	0	144.0	18	13	5	2
QUAL	0	144.1	41	26	15	7
QUAL	0	144.2	50	31	19	8
QUAL	0	144.3	181	122	59	22
QUAL	0	144.4	254	159	95	20
QUAL	0	144.5	13	8	5	8
QUAL	0	144.6	6	3	3	5
QUAL	0	144.7	7	6	1	2
QUAL	0	144.8	12	4	8	7
QUAL	0	144.9	21	12	9	3
QUAL	0	145.0	17	10	7	5
QUAL	0	145.1	39	25	14	3
QUAL	0	145.2	33	21	12	11
QUAL	0	145.3	162	99	63	27
QUAL	0	145.4	307	217	90	30
QUAL	0	145.5	1	0	1	1
QUAL	0	145.6	13	6	7	1
QUAL	0	145.7	10	8	2	8
QUAL	0	145.8	10	6	4	6
QUAL	0	145.9	10	8	2	2
QUAL	0	146.0	26	17	9	5
QUAL	0	146.1	32	20	12	8
QUAL	0	146.2	33	24	9	12
QUAL	0	146.3	167	113	54	15
QUAL	0	146.4	311	203	108	31
QUAL	0	146.5	10	8	2	0
QUAL	0	146.6	15	10	5	6
QUAL	0	146.7	11	10	1	9
QUAL	0	146.8	9	1	8	2
QUAL	0	146.9	14	12	2	5
QUAL	0	147.0	17	12	5	9
QUAL	0	147.1	34	22	12	5
QUAL	0	147.2	41	27	14	14
QUAL	0	147.3	164	116	48	22
QUAL	0	147.4	305	223	82	26
QUAL	0	147.5	9	5	4	2
QUAL	0	147.6	12	11	1	2
QUAL	0	147.7	9	8	1	2
QUAL	0	147.8	12	7	5	4
QUAL	0	147.9	22	14	8	4
QUAL	0	148.0	19	13	6	5
QUAL	0	148.1	38	26	12	12
QUAL	0	148.2	53	28	25	4
QUAL	0	148.3	152	105	47	18
QUAL	0	148.4	263	175	88	32
QUAL	0	148.5	12	7	5	1
QUAL	0	148.6	7	5	2	3
QUAL	0	148.7	23	16	7	2
QUAL	0	148.8	7	3	4	5
QUAL	0	148.9	15	9	6	2
QUAL	0	149.0	27	18	9	5
QUAL	0	149.1	26	11	15	11
QUAL	0	149.2	48	36	12	9
QUAL	0	149.3	178	115	63	27
QUAL	0	149.4	255	181	74	25
QUAL	0	149.5	1	1	0	5
QUAL	0	149.6	5	5	0	5
QUAL	0	149.7	9	6	3	3
QUAL	0	149.8	14	10	4	6
QUAL	0	149.9	15	9	6	5
QUAL	0	150.0	24	15	9	5
QUAL	0	150.1	27	16	11	13
QUAL	0	150.2	49	29	20	16
QUAL	0	150.3	174	121	53	13
QUAL	0	150.4	263	177	86	20
QUAL	0	150.5	5	3	2	1
QUAL	0	150.6	7	5	2	1
QUAL	0	150.7	7	5	2	5
QUAL	0	150.8	10	6	4	6
QUAL	0	150.9	20	13	7	4
QUAL	0	151.0	20	18	2	4
QUAL	0	151.1	32	17	15	9
QUAL	0	151.2	50	33	17	11
QUAL	0	151.3	172	119	53	25
QUAL	0	151.4	270	184	86	23
QUAL	0	151.5	9	6	3	4
QUAL	0	151.6	9	7	2	6
QUAL	0	151.7	8	4	4	10
QUAL	0	151.8	14	9	5	5
QUAL	0	151.9	18	12	6	6
QUAL	0	152.0	18	13	5	5
QUAL	0	152.1	45	31	14	12
QUAL	0	152.2	55	34	21	4
QUAL	0	152.3	144	100	44	18
QUAL	0	152.4	262	176	86	14
QUAL	0	152.5	8	8	0	2
QUAL	0	152.6	5	3	2	2
QUAL	0	152.7	8	5	3	1
QUAL	0	152.8	13	9	4	2
QUAL	0	152.9	13	8	5	2
QUAL	0	153.0	18	11	7	6
QUAL	0	153.1	40	24	16	8
QUAL	0	153.2	50	36	14	11
QUAL	0	153.3	144	102	42	23
QUAL	0	153.4	250	171	79	28
QUAL	0	153.5	4	3	1	8
QUAL	0	153.6	3	2	1	6
QUAL	0	153.7	6	6	0	5
QUAL	0	153.8	10	4	6	0
QUAL	0	153.9	16	12	4	5
QUAL	0	154.0	18	12	6	7
QUAL	0	154.1	32	22	10	6
QUAL	0	154.2	67	48	19	7
QUAL	0	154.3	141	103	38	14
QUAL	0	154.4	238	154	84	59
QUAL	0	154.5	6	4	2	4
QUAL	0	154.6	5	3	2	5
QUAL	0	154.7	7	5	2	3
QUAL	0	154.8	5	4	1	4
QUAL	0	154.9	14	7	7	1
QUAL	0	155.0	17	13	4	0
QUAL	0	155.1	39	31	8	5
QUAL	0	155.2	56	39	17	11
QUAL	0	155.3	117	79	38	18
QUAL	0	155.4	223	144	79	21
QUAL	0	155.5	9	4	5	1
QUAL	0	155.6	5	3	2	4
QUAL	0	155.7	3	2	1	3
QUAL	0	155.8	7	3	4	3
QUAL	0	155.9	6	5	1	5
QUAL	0	156.0	10	5	5	5
QUAL	0	156.1	25	17	8	8
QUAL	0	156.2	39	24	15	13
QUAL	0	156.3	89	58	31	19
QUAL	0	156.4	221	150	71	23
QUAL	0	156.5	0	0	0	3
QUAL	0	156.6	5	2	3	1
QUAL	0	156.7	6	4	2	5
QUAL	0	156.8	6	4	2	0
QUAL	0	156.9	10	4	6	6
QUAL	0	157.0	12	5	7	5
QUAL	0	157.1	22	12	10	4
QUAL	0	157.2	44	29	15	18
QUAL	0	157.3	78	43	35	15
QUAL	0	157.4	220	137	83	31
QUAL	0	157.5	3	2	1	0
QUAL	0	157.6	2	2	0	1
QUAL	0	157.7	5	3	2	4
QUAL	0	157.8	5	2	3	7
QUAL	0	157.9	6	5	1	6
QUAL	0	158.0	10	10	0	11
QUAL	0	158.1	25	14	11	3
QUAL	0	158.2	34	28	6	4
QUAL	0	158.3	75	48	27	10
QUAL	0	158.4	188	117	71	24
QUAL	0	158.5	1	1	0	5
QUAL	0	158.6	4	3	1	4
QUAL	0	158.7	6	4	2	4
QUAL	0	158.8	3	2	1	2
QUAL	0	158.9	6	6	0	2
QUAL	0	159.0	10	6	4	3
QUAL	0	159.1	12	5	7	7
QUAL	0	159.2	34	19	15	8
QUAL	0	159.3	69	43	26	12
QUAL	0	159.4	172	116	56	27
QUAL	0	159.5	2	1	1	1
QUAL	0	159.6	2	1	1	5
QUAL	0	159.7	6	2	4	4
QUAL	0	159.8	9	6	3	1
QUAL	0	159.9	5	4	1	2
QUAL	0	160.0	10	7	3	6
QUAL	0	160.1	8	6	2	12
QUAL	0	160.2	26	18	8	3
QUAL	0	160.3	63	41	22	21
QUAL	0	160.4	198	136	62	25
QUAL	0	160.5	3	3	0	0
QUAL	0	160.6	1	1	0	1
QUAL	0	160.7	5	5	0	3
QUAL	0	160.8	6	4	2	2
QUAL	0	160.9	11	7	4	6
QUAL	0	161.0	8	7	1	6
QUAL	0	161.1	11	9	2	11
QUAL	0	161.2	26	14	12	2
QUAL	0	161.3	61	42	19	22
QUAL	0	161.4	201	115	86	34
QUAL	0	161.5	6	5	1	1
QUAL	0	161.6	4	2	2	2
QUAL	0	161.7	11	6	5	4
QUAL	0	161.8	11	6	5	6
QUAL	0	161.9	7	3	4	7
QUAL	0	162.0	7	5	2	5
QUAL	0	162.1	10	6	4	5
QUAL	0	162.2	36	20	16	14
QUAL	0	162.3	56	33	23	13
QUAL	0	162.4	217	143	74	21
QUAL	0	162.5	3	1	2	11
QUAL	0	162.6	2	2	0	3
QUAL	0	162.7	7	5	2	2
QUAL	0	162.8	6	3	3	3
QUAL	0	162.9	13	11	2	0
QUAL	0	163.0	5	2	3	4
QUAL	0	163.1	7	2	5	6
QUAL	0	163.2	27	18	9	6
QUAL	0	163.3	58	37	21	11
QUAL	0	163.4	202	146	56	27
QUAL	0	163.5	4	4	0	0
QUAL	0	163.6	2	2	0	0
QUAL	0	163.7	6	5	1	0
QUAL	0	163.8	8	4	4	3
QUAL	0	163.9	6	5	1	4
QUAL	0	164.0	7	6	1	8
QUAL	0	164.1	13	10	3	7
QUAL	0	164.2	29	24	5	3
QUAL	0	164.3	57	37	20	12
QUAL	0	164.4	229	152	77	29
QUAL	0	164.5	5	2	3	1
QUAL	0	164.6	4	2	2	1
QUAL	0	164.7	1	1	0	1
QUAL	0	164.8	2	1	1	1
QUAL	0	164.9	4	2	2	0
QUAL	0	165.0	13	11	2	1
QUAL	0	165.1	12	5	7	6
QUAL	0	165.2	29	16	13	12
QUAL	0	165.3	51	37	14	16
QUAL	0	165.4	238	169	69	24
QUAL	0	165.5	3	1	2	2
QUAL	0	165.6	4	3	1	1
QUAL	0	165.7	6	2	4	3
QUAL	0	165.8	3	2	1	5
QUAL	0	165.9	6	5	1	0
QUAL	0	166.0	7	6	1	3
QUAL	0	166.1	16	12	4	6
QUAL	0	166.2	34	23	11	6
QUAL	0	166.3	42	27	15	15
QUAL	0	166.4	229	168	61	25
QUAL	0	166.5	4	2	2	4
QUAL	0	166.6	5	4	1	5
QUAL	0	166.7	2	1	1	4
QUAL	0	166.8	4	1	3	9
QUAL	0	166.9	4	3	1	2
QUAL	0	167.0	11	3	8	5
QUAL	0	167.1	13	6	7	7
QUAL	0	167.2	33	21	12	3
QUAL	0	167.3	53	36	17	17
QUAL	0	167.4	285	205	80	22
QUAL	0	167.5	4	3	1	1
QUAL	0	167.6	1	1	0	1
QUAL	0	167.7	5	2	3	3
QUAL	0	167.8	5	4	1	3
QUAL	0	167.9	8	7	1	1
QUAL	0	168.0	9	7	2	6
QUAL	0	168.1	13	8	5	5
QUAL	0	168.2	36	23	13	10
QUAL	0	168.3	62	45	17	11
QUAL	0	168.4	234	163	71	15
QUAL	0	168.5	5	2	3	0
QUAL	0	168.6	3	3	0	4
QUAL	0	168.7	10	7	3	3
QUAL	0	168.8	5	4	1	6
QUAL	0	168.9	12	7	5	2
QUAL	0	169.0	9	8	1	2
QUAL	0	169.1	20	11	9	8
QUAL	0	169.2	28	17	11	9
QUAL	0	169.3	68	44	24	22
QUAL	0	169.4	222	137	85	26
QUAL	0	169.5	4	1	3	5
QUAL	0	169.6	3	3	0	3
QUAL	0	169.7	5	3	2	3
QUAL	0	169.8	8	5	3	1
QUAL	0	169.9	6	4	2	3
QUAL	0	170.0	9	6	3	1
QUAL	0	170.1	12	7	5	8
QUAL	0	170.2	25	14	11	15
QUAL	0	170.3	62	39	23	12
QUAL	0	170.4	245	165	80	26
QUAL	0	170.5	8	3	5	2
QUAL	0	170.6	4	3	1	3
QUAL	0	170.7	5	1	4	3
QUAL	0	170.8	6	5	1	1
QUAL	0	170.9	4	2	2	1
QUAL	0	171.0	12	7	5	7
QUAL	0	171.1	16	8	8	1
QUAL	0	171.2	22	11	11	10
QUAL	0	171.3	69	42	27	11
QUAL	0	171.4	254	173	81	16
QUAL	0	171.5	9	3	6	4
QUAL	0	171.6	1	0	1	5
QUAL	0	171.7	4	3	1	0
QUAL	0	171.8	12	4	8	2
QUAL	0	171.9	8	7	1	4
QUAL	0	172.0	9	6	3	8
QUAL	0	172.1	12	7	5	10
QUAL	0	172.2	23	14	9	3
QUAL	0	172.3	74	52	22	17
QUAL	0	172.4	249	174	75	21
QUAL	0	172.5	5	2	3	5
QUAL	0	172.6	6	4	2	6
QUAL	0	172.7	6	2	4	2
QUAL	0	172.8	3	3	0	2
QUAL	0	172.9	6	5	1	4
QUAL	0	173.0	8	6	2	3
QUAL	0	173.1	12	9	3	4
QUAL	0	173.2	21	15	6	6
QUAL	0	173.3	60	44	16	13
QUAL	0	173.4	240	157	83	21
QUAL	0	173.5	3	2	1	5
QUAL	0	173.6	5	4	1	3
QUAL	0	173.7	4	4	0	5
QUAL	0	173.8	8	6	2	2
QUAL	0	173.9	12	10	2	2
QUAL	0	174.0	8	6	2	3
QUAL	0	174.1	17	13	4	9
QUAL	0	174.2	23	17	6	8
QUAL	0	174.3	60	36	24	17
QUAL	0	174.4	279	178	101	36
QUAL	0	174.5	5	3	2	1
QUAL	0	174.6	3	2	1	4
QUAL	0	174.7	5	3	2	0
QUAL	0	174.8	4	2	2	5
QUAL	0	174.9	9	5	4	1
QUAL	0	175.0	17	7	10	3
QUAL	0	175.1	15	9	6	8
QUAL	0	175.2	14	12	2	8
QUAL	0	175.3	62	43	19	14
QUAL	0	175.4	263	173	90	10
QUAL	0	175.5	1	0	1	0
QUAL	0	175.6	1	0	1	5
QUAL	0	175.7	5	3	2	3
QUAL	0	175.8	8	4	4	5
QUAL	0	175.9	7	4	3	7
QUAL	0	176.0	7	5	2	6
QUAL	0	176.1	8	6	2	4
QUAL	0	176.2	13	8	5	8
QUAL	0	176.3	64	44	20	23
QUAL	0	176.4	235	158	77	25
QUAL	0	176.5	0	0	0	4
QUAL	0	176.6	5	4	1	1
QUAL	0	176.7	2	2	0	0
QUAL	0	176.8	1	1	0	2
QUAL	0	176.9	6	4	2	4
QUAL	0	177.0	12	4	8	1
QUAL	0	177.1	12	8	4	9
QUAL	0	177.2	21	14	7	8
QUAL	0	177.3	44	30	14	18
QUAL	0	177.4	262	196	66	22
QUAL	0	177.5	3	1	2	1
QUAL	0	177.6	4	2	2	1
QUAL	0	177.7	5	4	1	2
QUAL	0	177.8	6	4	2	6
QUAL	0	177.9	6	5	1	4
QUAL	0	178.0	14	10	4	5
QUAL	0	178.1	24	17	7	8
QUAL	0	178.2	18	13	5	8
QUAL	0	178.3	58	35	23	25
QUAL	0	178.4	275	185	90	29
QUAL	0	178.5	2	0	2	3
QUAL	0	178.6	3	3	0	4
QUAL	0	178.7	4	4	0	3
QUAL	0	178.8	5	3	2	5
QUAL	0	178.9	6	4	2	3
QUAL	0	179.0	6	4	2	4
QUAL	0	179.1	11	5	6	4
QUAL	0	179.2	21	15	6	4
QUAL	0	179.3	56	39	17	14
QUAL	0	179.4	268	185	83	21
QUAL	0	179.5	1	1	0	3
QUAL	0	179.6	2	1	1	1
QUAL	0	179.7	3	2	1	0
QUAL	0	179.8	5	4	1	2
QUAL	0	179.9	10	8	2	1
QUAL	0	180.0	12	7	5	2
QUAL	0	180.1	11	6	5	6
QUAL	0	180.2	21	12	9	19
QUAL	0	180.3	56	35	21	23
QUAL	0	180.4	314	211	103	40
QUAL	0	180.5	5	2	3	2
QUAL	0	180.6	8	6	2	4
QUAL	0	180.7	2	1	1	3
QUAL	0	180.8	3	2	1	4
QUAL	0	180.9	7	3	4	3
QUAL	0	181.0	8	6	2	1
QUAL	0	181.1	14	7	7	6
QUAL	0	181.2	21	14	7	10
QUAL	0	181.3	62	40	22	14
QUAL	0	181.4	260	176	84	17
QUAL	0	181.5	1	1	0	1
QUAL	0	181.6	6	3	3	4
QUAL	0	181.7	5	4	1	4
QUAL	0	181.8	2	2	0	1
QUAL	0	181.9	6	4	2	3
QUAL	0	182.0	6	5	1	5
QUAL	0	182.1	11	8	3	10
QUAL	0	182.2	13	9	4	4
QUAL	0	182.3	52	34	18	17
QUAL	0	182.4	276	187	89	50
QUAL	0	182.5	4	2	2	3
QUAL	0	182.6	6	4	2	2
QUAL	0	182.7	5	3	2	2
QUAL	0	182.8	12	7	5	3
QUAL	0	182.9	4	3	1	4
QUAL	0	183.0	5	4	1	3
QUAL	0	183.1	12	6	6	8
QUAL	0	183.2	21	16	5	7
QUAL	0	183.3	60	39	21	22
QUAL	0	183.4	284	187	97	22
QUAL	0	183.5	5	5	0	5
QUAL	0	183.6	1	0	1	4
QUAL	0	183.7	5	3	2	1
QUAL	0	183.8	5	3	2	3
QUAL	0	183.9	7	6	1	2
QUAL	0	184.0	12	9	3	5
QUAL	0	184.1	13	7	6	4
QUAL	0	184.2	27	17	10	5
QUAL	0	184.3	50	32	18	16
QUAL	0	184.4	334	240	94	15
QUAL	0	184.5	4	3	1	2
QUAL	0	184.6	2	1	1	4
QUAL	0	184.7	1	0	1	0
QUAL	0	184.8	7	4	3	4
QUAL	0	184.9	7	4	3	2
QUAL	0	185.0	6	4	2	5
QUAL	0	185.1	9	8	1	2
QUAL	0	185.2	26	20	6	6
QUAL	0	185.3	54	38	16	16
QUAL	0	185.4	301	206	95	21
QUAL	0	185.5	1	1	0	0
QUAL	0	185.6	4	3	1	1
QUAL	0	185.7	4	2	2	2
QUAL	0	185.8	4	3	1	1
QUAL	0	185.9	6	3	3	5
QUAL	0	186.0	11	10	1	5
QUAL	0	186.1	11	7	4	6
QUAL	0	186.2	28	18	10	10
QUAL	0	186.3	67	47	20	21
QUAL	0	186.4	317	219	98	17
QUAL	0	186.5	0	0	0	6
QUAL	0	186.6	6	4	2	2
QUAL	0	186.7	5	2	3	2
QUAL	0	186.8	5	4	1	0
QUAL	0	186.9	4	4	0	0
QUAL	0	187.0	13	7	6	1
QUAL	0	187.1	9	4	5	5
QUAL	0	187.2	15	13	2	8
QUAL	0	187.3	54	39	15	16
QUAL	0	187.4	342	220	122	20
QUAL	0	187.5	0	0	0	4
QUAL	0	187.6	5	1	4	0
QUAL	0	187.7	4	3	1	2
QUAL	0	187.8	5	4	1	2
QUAL	0	187.9	4	4	0	3
QUAL	0	188.0	7	6	1	2
QUAL	0	188.1	5	5	0	4
QUAL	0	188.2	27	19	8	8
QUAL	0	188.3	44	30	14	15
QUAL	0	188.4	346	236	110	8
QUAL	0	188.5	2	1	1	0
QUAL	0	188.6	3	3	0	1
QUAL	0	188.7	8	6	2	1
QUAL	0	188.8	6	3	3	3
QUAL	0	188.9	4	3	1	2
QUAL	0	189.0	7	7	0	4
QUAL	0	189.1	17	14	3	4
QUAL	0	189.2	24	14	10	10
QUAL	0	189.3	59	42	17	23
QUAL	0	189.4	316	216	100	16
QUAL	0	189.5	5	5	0	4
QUAL	0	189.6	2	2	0	2
QUAL	0	189.7	6	5	1	1
QUAL	0	189.8	4	3	1	6
QUAL	0	189.9	8	7	1	3
QUAL	0	190.0	7	6	1	4
QUAL	0	190.1	13	4	9	8
QUAL	0	190.2	25	17	8	6
QUAL	0	190.3	53	39	14	15
QUAL	0	190.4	344	216	128	44
QUAL	0	190.5	4	3	1	0
QUAL	0	190.6	3	0	3	0
QUAL	0	190.7	3	2	1	4
QUAL	0	190.8	12	7	5	2
QUAL	0	190.9	11	7	4	7
QUAL	0	191.0	9	6	3	2
QUAL	0	191.1	6	3	3	6
QUAL	0	191.2	18	12	6	5
QUAL	0	191.3	53	37	16	22
QUAL	0	191.4	336	239	97	22
QUAL	0	191.5	6	4	2	4
QUAL	0	191.6	7	4	3	1
QUAL	0	191.7	1	1	0	3
QUAL	0	191.8	8	3	5	5
QUAL	0	191.9	6	3	3	9
QUAL	0	192.0	13	6	7	11
QUAL	0	192.1	10	8	2	19
QUAL	0	192.2	26	14	12	12
QUAL	0	192.3	36	26	10	25
QUAL	0	192.4	272	184	88	19
QUAL	0	192.5	6	3	3	13
QUAL	0	192.6	22	9	13	22
QUAL	0	192.7	18	8	10	39
QUAL	0	192.8	12	5	7	28
QUAL	0	192.9	5	1	4	19
QUAL	0	193.0	4	2	2	15
QUAL	0	193.1	11	8	3	23
QUAL	0	193.2	14	2	12	14
QUAL	0	193.3	46	32	14	49
QUAL	0	193.4	286	198	88	45
QUAL	0	193.5	3	2	1	12
QUAL	0	193.6	3	2	1	24
QUAL	0	193.7	5	2	3	24
QUAL	0	193.8	5	3	2	48
QUAL	0	193.9	0	0	0	45
QUAL	0	194.0	5	3	2	36
QUAL	0	194.1	9	7	2	60
QUAL	0	194.2	19	12	7	28
QUAL	0	194.3	45	32	13	67
QUAL	0	194.4	234	161	73	61
QUAL	0	194.5	4	3	1	50
QUAL	0	194.6	3	2	1	58
QUAL	0	194.7	4	1	3	54
QUAL	0	194.8	9	4	5	63
QUAL	0	194.9	5	4	1	63
QUAL	0	195.0	9	6	3	75
QUAL	0	195.1	8	7	1	49
QUAL	0	195.2	17	9	8	51
QUAL	0	195.3	45	31	14	57
QUAL	0	195.4	212	158	54	70
QUAL	0	195.5	7	4	3	49
QUAL	0	195.6	9	3	6	52
QUAL	0	195.7	15	4	11	14
QUAL	0	195.8	5	4	1	3
QUAL	0	195.9	7	4	3	1
QUAL	0	196.0	6	4	2	2
QUAL	0	196.1	11	7	4	9
QUAL	0	196.2	24	16	8	12
QUAL	0	196.3	48	27	21	8
QUAL	0	196.4	216	153	63	12
QUAL	0	196.5	1	0	1	3
QUAL	0	196.6	2	1	1	2
QUAL	0	196.7	5	3	2	0
QUAL	0	196.8	4	3	1	3
QUAL	0	196.9	4	3	1	4
QUAL	0	197.0	2	1	1	3
QUAL	0	197.1	10	5	5	2
QUAL	0	197.2	23	15	8	8
QUAL	0	197.3	45	27	18	16
QUAL	0	197.4	215	153	62	14
QUAL	0	197.5	5	0	5	0
QUAL	0	197.6	3	3	0	3
QUAL	0	197.7	8	6	2	3
QUAL	0	197.8	4	3	1	4
QUAL	0	197.9	13	8	5	3
QUAL	0	198.0	3	2	1	1
QUAL	0	198.1	10	8	2	9
QUAL	0	198.2	19	13	6	9
QUAL	0	198.3	48	34	14	10
QUAL	0	198.4	178	120	58	6
QUAL	0	198.5	4	2	2	4
QUAL	0	198.6	2	1	1	3
QUAL	0	198.7	1	0	1	0
QUAL	0	198.8	6	4	2	2
QUAL	0	198.9	6	4	2	1
QUAL	0	199.0	9	7	2	2
QUAL	0	199.1	10	8	2	3
QUAL	0	199.2	27	15	12	6
QUAL	0	199.3	37	26	11	6
QUAL	0	199.4	165	115	50	12
QUAL	0	199.5	1	0	1	2
QUAL	0	199.6	2	2	0	2
QUAL	0	199.7	3	1	2	0
QUAL	0	199.8	9	4	5	3
QUAL	0	199.9	7	4	3	1
QUAL	0	200.0	10	8	2	4
QUAL	0	200.1	14	6	8	4
QUAL	0	200.2	23	12	11	8
QUAL	0	200.3	51	33	18	8
QUAL	0	200.4	169	115	54	7
QUAL	0	200.5	2	1	1	1
QUAL	0	200.6	4	3	1	2
QUAL	0	200.7	6	5	1	1
QUAL	0	200.8	7	5	2	2
QUAL	0	200.9	6	6	0	0
QUAL	0	201.0	10	8	2	0
QUAL	0	201.1	10	8	2	6
QUAL	0	201.2	13	11	2	3
QUAL	0	201.3	55	37	18	12
QUAL	0	201.4	151	99	52	9
QUAL	0	201.5	2	0	2	0
QUAL	0	201.6	4	2	2	0
QUAL	0	201.7	2	1	1	2
QUAL	0	201.8	2	1	1	1
QUAL	0	201.9	4	2	2	3
QUAL	0	202.0	5	3	2	2
QUAL	0	202.1	15	10	5	2
QUAL	0	202.2	21	14	7	1
QUAL	0	202.3	42	28	14	11
QUAL	0	202.4	148	96	52	6
QUAL	0	202.5	1	1	0	2
QUAL	0	202.6	2	1	1	1
QUAL	0	202.7	3	1	2	1
QUAL	0	202.8	5	3	2	2
QUAL	0	202.9	3	3	0	3
QUAL	0	203.0	7	6	1	5
QUAL	0	203.1	11	6	5	4
QUAL	0	203.2	14	7	7	9
QUAL	0	203.3	48	39	9	10
QUAL	0	203.4	143	102	41	8
QUAL	0	203.5	5	2	3	2
QUAL	0	203.6	5	5	0	0
QUAL	0	203.7	3	2	1	1
QUAL	0	203.8	4	3	1	2
QUAL	0	203.9	7	4	3	0
QUAL	0	204.0	10	5	5	6
QUAL	0	204.1	10	4	6	5
QUAL	0	204.2	22	15	7	5
QUAL	0	204.3	50	33	17	5
QUAL	0	204.4	166	110	56	13
QUAL	0	204.5	0	0	0	3
QUAL	0	204.6	2	2	0	0
QUAL	0	204.7	5	3	2	0
QUAL	0	204.8	3	2	1	1
QUAL	0	204.9	6	3	3	1
QUAL	0	205.0	7	6	1	0
QUAL	0	205.1	12	9	3	3
QUAL	0	205.2	28	16	12	5
QUAL	0	205.3	46	35	11	5
QUAL	0	205.4	129	90	39	26
QUAL	0	205.5	0	0	0	1
QUAL	0	205.6	3	2	1	1
QUAL	0	205.7	2	1	1	1
QUAL	0	205.8	6	5	1	2
QUAL	0	205.9	7	5	2	1
QUAL	0	206.0	9	4	5	2
QUAL	0	206.1	13	10	3	1
QUAL	0	206.2	22	15	7	6
QUAL	0	206.3	43	30	13	6
QUAL	0	206.4	136	94	42	8
QUAL	0	206.5	4	2	2	4
QUAL	0	206.6	2	0	2	0
QUAL	0	206.7	5	2	3	1
QUAL	0	206.8	1	0	1	1
QUAL	0	206.9	4	3	1	1
QUAL	0	207.0	6	4	2	1
QUAL	0	207.1	17	13	4	4
QUAL	0	207.2	17	10	7	2
QUAL	0	207.3	35	26	9	13
QUAL	0	207.4	124	93	31	9
QUAL	0	207.5	1	0	1	1
QUAL	0	207.6	3	1	2	0
QUAL	0	207.7	1	1	0	2
QUAL	0	207.8	2	2	0	3
QUAL	0	207.9	5	4	1	3
QUAL	0	208.0	4	2	2	0
QUAL	0	208.1	8	5	3	2
QUAL	0	208.2	11	10	1	3
QUAL	0	208.3	32	21	11	11
QUAL	0	208.4	124	74	50	9
QUAL	0	208.5	2	2	0	1
QUAL	0	208.6	2	2	0	0
QUAL	0	208.7	7	4	3	0
QUAL	0	208.8	1	0	1	0
QUAL	0	208.9	9	7	2	3
QUAL	0	209.0	5	3	2	1
QUAL	0	209.1	9	6	3	4
QUAL	0	209.2	16	10	6	4
QUAL	0	209.3	39	23	16	9
QUAL	0	209.4	129	89	40	11
QUAL	0	209.5	4	2	2	0
QUAL	0	209.6	3	3	0	0
QUAL	0	209.7	4	2	2	2
QUAL	0	209.8	7	4	3	0
QUAL	0	209.9	4	2	2	2
QUAL	0	210.0	5	4	1	6
QUAL	0	210.1	6	4	2	3
QUAL	0	210.2	16	12	4	6
QUAL	0	210.3	33	24	9	10
QUAL	0	210.4	116	79	37	8
QUAL	0	210.5	3	0	3	1
QUAL	0	210.6	5	3	2	1
QUAL	0	210.7	5	3	2	0
QUAL	0	210.8	6	5	1	1
QUAL	0	210.9	7	7	0	0
QUAL	0	211.0	10	8	2	5
QUAL	0	211.1	9	7	2	3
QUAL	0	211.2	12	6	6	7
QUAL	0	211.3	47	30	17	12
QUAL	0	211.4	132	93	39	6
QUAL	0	211.5	4	2	2	0
QUAL	0	211.6	1	0	1	2
QUAL	0	211.7	6	3	3	0
QUAL	0	211.8	1	1	0	1
QUAL	0	211.9	6	3	3	3
QUAL	0	212.0	7	5	2	3
QUAL	0	212.1	3	2	1	4
QUAL	0	212.2	10	8	2	4
QUAL	0	212.3	33	24	9	4
QUAL	0	212.4	115	82	33	9
QUAL	0	212.5	1	0	1	0
QUAL	0	212.6	3	2	1	1
QUAL	0	212.7	1	1	0	0
QUAL	0	212.8	1	0	1	1
QUAL	0	212.9	4	2	2	1
QUAL	0	213.0	1	1	0	3
QUAL	0	213.1	8	5	3	1
QUAL	0	213.2	20	14	6	6
QUAL	0	213.3	44	25	19	5
QUAL	0	213.4	156	121	35	20
QUAL	0	213.5	3	2	1	1
QUAL	0	213.6	2	2	0	0
QUAL	0	213.7	4	2	2	0
QUAL	0	213.8	1	1	0	0
QUAL	0	213.9	7	4	3	0
QUAL	0	214.0	6	3	3	2
QUAL	0	214.1	9	7	2	2
QUAL	0	214.2	16	10	6	5
QUAL	0	214.3	29	14	15	6
QUAL	0	214.4	124	91	33	9
QUAL	0	214.5	1	1	0	0
QUAL	0	214.6	3	2	1	0
QUAL	0	214.7	2	2	0	1
QUAL	0	214.8	2	1	1	1
QUAL	0	214.9	5	4	1	3
QUAL	0	215.0	9	5	4	3
QUAL	0	215.1	11	6	5	2
QUAL	0	215.2	11	7	4	10
QUAL	0	215.3	37	30	7	9
QUAL	0	215.4	128	93	35	8
QUAL	0	215.5	1	1	0	1
QUAL	0	215.6	1	1	0	1
QUAL	0	215.7	3	3	0	2
QUAL	0	215.8	0	0	0	1
QUAL	0	215.9	7	4	3	1
QUAL	0	216.0	5	3	2	4
QUAL	0	216.1	13	10	3	4
QUAL	0	216.2	12	6	6	10
QUAL	0	216.3	43	34	9	12
QUAL	0	216.4	125	89	36	9
QUAL	0	216.5	2	1	1	1
QUAL	0	216.6	3	3	0	0
QUAL	0	216.7	3	2	1	1
QUAL	0	216.8	2	1	1	0
QUAL	0	216.9	7	3	4	1
QUAL	0	217.0	8	6	2	3
QUAL	0	217.1	11	9	2	4
QUAL	0	217.2	16	10	6	3
QUAL	0	217.3	37	20	17	16
QUAL	0	217.4	110	80	30	11
QUAL	0	217.5	0	0	0	1
QUAL	0	217.6	7	5	2	0
QUAL	0	217.7	0	0	0	1
QUAL	0	217.8	5	2	3	1
QUAL	0	217.9	6	5	1	0
QUAL	0	218.0	6	3	3	5
QUAL	0	218.1	16	14	2	1
QUAL	0	218.2	25	19	6	6
QUAL	0	218.3	44	23	21	15
QUAL	0	218.4	121	85	36	13
QUAL	0	218.5	12	6	6	3
QUAL	0	218.6	7	4	3	1
QUAL	0	218.7	10	4	6	3
QUAL	0	218.8	15	7	8	1
QUAL	0	218.9	18	13	5	2
QUAL	0	219.0	23	15	8	7
QUAL	0	219.1	19	11	8	6
QUAL	0	219.2	29	22	7	7
QUAL	0	219.3	49	30	19	21
QUAL	0	219.4	128	96	32	17
QUAL	0	219.5	16	7	9	7
QUAL	0	219.6	15	9	6	5
QUAL	0	219.7	17	13	4	7
QUAL	0	219.8	10	3	7	9
QUAL	0	219.9	14	8	6	10
QUAL	0	220.0	27	16	11	14
QUAL	0	220.1	25	16	9	20
QUAL	0	220.2	41	26	15	13
QUAL	0	220.3	61	38	23	13
QUAL	0	220.4	149	96	53	19
QUAL	0	220.5	28	16	12	5
QUAL	0	220.6	39	23	16	13
QUAL	0	220.7	43	24	19	7
QUAL	0	220.8	55	32	23	11
QUAL	0	220.9	68	46	22	9
QUAL	0	221.0	74	51	23	11
QUAL	0	221.1	93	55	38	11
QUAL	0	221.2	112	75	37	18
QUAL	0	221.3	177	123	54	23
QUAL	0	221.4	264	176	88	23
QUAL	0	221.5	195	134	61	12
QUAL	0	221.6	238	159	79	30
QUAL	0	221.7	326	226	100	35
QUAL	0	221.8	469	298	171	49
QUAL	0	221.9	659	437	222	92
QUAL	0	222.0	1125	775	350	96
QUAL	0	222.1	1949	1359	590	168
QUAL	0	222.2	4538	3172	1366	278
QUAL	0	222.3	17283	12304	4979	658
QUAL	0	222.4	8089	5705	2384	273
QUAL	0	222.6	1	0	1	1
QUAL	0	222.8	1	0	1	0
QUAL	0	223.0	1	1	0	1
QUAL	0	223.1	1	1	0	3
QUAL	0	223.2	2	2	0	1
QUAL	0	223.3	5	3	2	2
QUAL	0	223.4	110	74	36	7
QUAL	0	223.5	0	0	0	1
QUAL	0	223.7	0	0	0	1
QUAL	0	223.9	0	0	0	2
QUAL	0	224.0	3	2	1	2
QUAL	0	224.1	1	1	0	0
QUAL	0	224.2	0	0	0	8
QUAL	0	224.3	3	3	0	5
QUAL	0	224.4	100	71	29	20
QUAL	0	224.8	2	0	2	2
QUAL	0	224.9	2	1	1	2
QUAL	0	225.0	0	0	0	4
QUAL	0	225.1	1	0	1	1
QUAL	0	225.2	2	2	0	4
QUAL	0	225.3	3	3	0	2
QUAL	0	225.4	24100	16929	7171	497
QUAL	0	225.6	1	0	1	1
QUAL	0	225.7	0	0	0	2
QUAL	0	225.8	0	0	0	1
QUAL	0	225.9	0	0	0	1
QUAL	0	226.1	0	0	0	1
QUAL	0	226.2	1	0	1	3
QUAL	0	226.3	3	1	2	2
QUAL	0	226.4	0	0	0	1
QUAL	0	226.5	2	1	1	1
QUAL	0	226.6	3	2	1	6
QUAL	0	226.9	1	1	0	1
QUAL	0	227.1	2	1	1	3
QUAL	0	227.2	2	2	0	2
QUAL	0	227.3	1	1	0	1
QUAL	0	227.4	2	1	1	2
QUAL	0	227.5	3	2	1	5
QUAL	0	227.6	2	0	2	0
QUAL	0	227.7	1	1	0	0
QUAL	0	227.8	3	0	3	4
QUAL	0	227.9	12	8	4	31
QUAL	0	228.0	37	22	15	112
QUAL	0	228.1	128	79	49	210
QUAL	0	228.2	405	250	155	391
QUAL	0	228.3	2752	1919	833	753
QUAL	0	228.4	655	474	181	157
# IDD, InDel distribution:
# IDD	[2]id	[3]length (deletions negative)	[4]number of sites	[5]number of genotypes	[6]mean VAF
IDD	0	-42	1	0	.
IDD	0	-41	2	0	.
IDD	0	-38	1	0	.
IDD	0	-36	1	0	.
IDD	0	-35	2	0	.
IDD	0	-34	2	0	.
IDD	0	-32	1	0	.
IDD	0	-31	1	0	.
IDD	0	-30	8	0	.
IDD	0	-29	6	0	.
IDD	0	-28	8	0	.
IDD	0	-27	8	0	.
IDD	0	-26	13	0	.
IDD	0	-25	16	0	.
IDD	0	-24	26	0	.
IDD	0	-23	18	0	.
IDD	0	-22	31	0	.
IDD	0	-21	36	0	.
IDD	0	-20	59	0	.
IDD	0	-19	34	0	.
IDD	0	-18	77	0	.
IDD	0	-17	55	0	.
IDD	0	-16	116	0	.
IDD	0	-15	123	0	.
IDD	0	-14	129	0	.
IDD	0	-13	141	0	.
IDD	0	-12	385	0	.
IDD	0	-11	180	0	.
IDD	0	-10	399	0	.
IDD	0	-9	327	0	.
IDD	0	-8	724	0	.
IDD	0	-7	447	0	.
IDD	0	-6	1292	0	.
IDD	0	-5	1715	0	.
IDD	0	-4	5054	0	.
IDD	0	-3	5296	0	.
IDD	0	-2	12067	0	.
IDD	0	-1	17489	0	.
IDD	0	1	23313	0	.
IDD	0	2	7260	0	.
IDD	0	3	2868	0	.
IDD	0	4	3120	0	.
IDD	0	5	1060	0	.
IDD	0	6	658	0	.
IDD	0	7	215	0	.
IDD	0	8	390	0	.
IDD	0	9	187	0	.
IDD	0	10	191	0	.
IDD	0	11	73	0	.
IDD	0	12	163	0	.
IDD	0	13	53	0	.
IDD	0	14	58	0	.
IDD	0	15	46	0	.
IDD	0	16	48	0	.
IDD	0	17	14	0	.
IDD	0	18	30	0	.
IDD	0	19	18	0	.
IDD	0	20	9	0	.
IDD	0	21	9	0	.
IDD	0	22	2	0	.
IDD	0	23	1	0	.
IDD	0	24	2	0	.
IDD	0	25	2	0	.
IDD	0	29	3	0	.
# ST, Substitution types:
# ST	[2]id	[3]type	[4]count
ST	0	A>C	47953
ST	0	A>G	207134
ST	0	A>T	45895
ST	0	C>A	215585
ST	0	C>G	54662
ST	0	C>T	205822
ST	0	G>A	205555
ST	0	G>C	54253
ST	0	G>T	215798
ST	0	T>A	45968
ST	0	T>C	207676
ST	0	T>G	47999
# DP, depth:
#   - set id, see above
#   - the depth bin, corresponds to the depth (unless --depth was given)
#   - number of genotypes with this depth (zero unless -s/-S was given)
#   - fraction of genotypes with this depth (zero unless -s/-S was given)
#   - number of sites with this depth
#   - fraction of sites with this depth
# DP, Depth distribution
# DP	[2]id	[3]bin	[4]number of genotypes	[5]fraction of genotypes (%)	[6]number of sites	[7]fraction of sites (%)
DP	0	1	0	0.000000	699968	42.671010
DP	0	2	0	0.000000	484842	29.556634
DP	0	3	0	0.000000	166884	10.173478
DP	0	4	0	0.000000	81906	4.993102
DP	0	5	0	0.000000	30656	1.868832
DP	0	6	0	0.000000	16642	1.014519
DP	0	7	0	0.000000	9223	0.562247
DP	0	8	0	0.000000	6710	0.409051
DP	0	9	0	0.000000	5233	0.319011
DP	0	10	0	0.000000	4413	0.269023
DP	0	11	0	0.000000	3896	0.237506
DP	0	12	0	0.000000	3394	0.206903
DP	0	13	0	0.000000	2979	0.181604
DP	0	14	0	0.000000	2826	0.172277
DP	0	15	0	0.000000	2678	0.163255
DP	0	16	0	0.000000	2448	0.149233
DP	0	17	0	0.000000	2342	0.142772
DP	0	18	0	0.000000	2149	0.131006
DP	0	19	0	0.000000	2084	0.127044
DP	0	20	0	0.000000	1997	0.121740
DP	0	21	0	0.000000	1888	0.115095
DP	0	22	0	0.000000	1878	0.114485
DP	0	23	0	0.000000	1692	0.103147
DP	0	24	0	0.000000	1651	0.100647
DP	0	25	0	0.000000	1609	0.098087
DP	0	26	0	0.000000	1514	0.092296
DP	0	27	0	0.000000	1490	0.090832
DP	0	28	0	0.000000	1521	0.092722
DP	0	29	0	0.000000	1397	0.085163
DP	0	30	0	0.000000	1335	0.081383
DP	0	31	0	0.000000	1380	0.084127
DP	0	32	0	0.000000	1320	0.080469
DP	0	33	0	0.000000	1313	0.080042
DP	0	34	0	0.000000	1239	0.075531
DP	0	35	0	0.000000	1279	0.077970
DP	0	36	0	0.000000	1187	0.072361
DP	0	37	0	0.000000	1134	0.069130
DP	0	38	0	0.000000	1203	0.073337
DP	0	39	0	0.000000	1155	0.070410
DP	0	40	0	0.000000	1141	0.069557
DP	0	41	0	0.000000	1097	0.066875
DP	0	42	0	0.000000	998	0.060839
DP	0	43	0	0.000000	1001	0.061022
DP	0	44	0	0.000000	1083	0.066021
DP	0	45	0	0.000000	966	0.058889
DP	0	46	0	0.000000	997	0.060778
DP	0	47	0	0.000000	976	0.059498
DP	0	48	0	0.000000	958	0.058401
DP	0	49	0	0.000000	990	0.060352
DP	0	50	0	0.000000	874	0.053280
DP	0	51	0	0.000000	904	0.055109
DP	0	52	0	0.000000	906	0.055231
DP	0	53	0	0.000000	889	0.054195
DP	0	54	0	0.000000	874	0.053280
DP	0	55	0	0.000000	859	0.052366
DP	0	56	0	0.000000	819	0.049927
DP	0	57	0	0.000000	838	0.051086
DP	0	58	0	0.000000	887	0.054073
DP	0	59	0	0.000000	810	0.049379
DP	0	60	0	0.000000	789	0.048099
DP	0	61	0	0.000000	769	0.046879
DP	0	62	0	0.000000	773	0.047123
DP	0	63	0	0.000000	776	0.047306
DP	0	64	0	0.000000	714	0.043526
DP	0	65	0	0.000000	707	0.043100
DP	0	66	0	0.000000	719	0.043831
DP	0	67	0	0.000000	704	0.042917
DP	0	68	0	0.000000	700	0.042673
DP	0	69	0	0.000000	679	0.041393
DP	0	70	0	0.000000	704	0.042917
DP	0	71	0	0.000000	700	0.042673
DP	0	72	0	0.000000	705	0.042978
DP	0	73	0	0.000000	671	0.040905
DP	0	74	0	0.000000	608	0.037065
DP	0	75	0	0.000000	666	0.040600
DP	0	76	0	0.000000	663	0.040417
DP	0	77	0	0.000000	603	0.036760
DP	0	78	0	0.000000	649	0.039564
DP	0	79	0	0.000000	617	0.037613
DP	0	80	0	0.000000	612	0.037308
DP	0	81	0	0.000000	579	0.035297
DP	0	82	0	0.000000	579	0.035297
DP	0	83	0	0.000000	578	0.035236
DP	0	84	0	0.000000	642	0.039137
DP	0	85	0	0.000000	597	0.036394
DP	0	86	0	0.000000	595	0.036272
DP	0	87	0	0.000000	559	0.034077
DP	0	88	0	0.000000	550	0.033529
DP	0	89	0	0.000000	540	0.032919
DP	0	90	0	0.000000	543	0.033102
DP	0	91	0	0.000000	528	0.032188
DP	0	92	0	0.000000	522	0.031822
DP	0	93	0	0.000000	505	0.030785
DP	0	94	0	0.000000	513	0.031273
DP	0	95	0	0.000000	467	0.028469
DP	0	96	0	0.000000	508	0.030968
DP	0	97	0	0.000000	468	0.028530
DP	0	98	0	0.000000	512	0.031212
DP	0	99	0	0.000000	491	0.029932
DP	0	100	0	0.000000	462	0.028164
DP	0	101	0	0.000000	481	0.029322
DP	0	102	0	0.000000	461	0.028103
DP	0	103	0	0.000000	460	0.028042
DP	0	104	0	0.000000	406	0.024750
DP	0	105	0	0.000000	473	0.028835
DP	0	106	0	0.000000	447	0.027250
DP	0	107	0	0.000000	413	0.025177
DP	0	108	0	0.000000	440	0.026823
DP	0	109	0	0.000000	439	0.026762
DP	0	110	0	0.000000	427	0.026031
DP	0	111	0	0.000000	382	0.023287
DP	0	112	0	0.000000	370	0.022556
DP	0	113	0	0.000000	389	0.023714
DP	0	114	0	0.000000	352	0.021458
DP	0	115	0	0.000000	396	0.024141
DP	0	116	0	0.000000	389	0.023714
DP	0	117	0	0.000000	376	0.022921
DP	0	118	0	0.000000	338	0.020605
DP	0	119	0	0.000000	369	0.022495
DP	0	120	0	0.000000	386	0.023531
DP	0	121	0	0.000000	347	0.021154
DP	0	122	0	0.000000	333	0.020300
DP	0	123	0	0.000000	383	0.023348
DP	0	124	0	0.000000	376	0.022921
DP	0	125	0	0.000000	303	0.018471
DP	0	126	0	0.000000	345	0.021032
DP	0	127	0	0.000000	338	0.020605
DP	0	128	0	0.000000	316	0.019264
DP	0	129	0	0.000000	333	0.020300
DP	0	130	0	0.000000	312	0.019020
DP	0	131	0	0.000000	318	0.019386
DP	0	132	0	0.000000	307	0.018715
DP	0	133	0	0.000000	304	0.018532
DP	0	134	0	0.000000	277	0.016886
DP	0	135	0	0.000000	280	0.017069
DP	0	136	0	0.000000	275	0.016764
DP	0	137	0	0.000000	301	0.018349
DP	0	138	0	0.000000	288	0.017557
DP	0	139	0	0.000000	281	0.017130
DP	0	140	0	0.000000	276	0.016825
DP	0	141	0	0.000000	264	0.016094
DP	0	142	0	0.000000	283	0.017252
DP	0	143	0	0.000000	263	0.016033
DP	0	144	0	0.000000	258	0.015728
DP	0	145	0	0.000000	237	0.014448
DP	0	146	0	0.000000	270	0.016460
DP	0	147	0	0.000000	230	0.014021
DP	0	148	0	0.000000	242	0.014753
DP	0	149	0	0.000000	245	0.014936
DP	0	150	0	0.000000	221	0.013472
DP	0	151	0	0.000000	226	0.013777
DP	0	152	0	0.000000	216	0.013168
DP	0	153	0	0.000000	227	0.013838
DP	0	154	0	0.000000	231	0.014082
DP	0	155	0	0.000000	253	0.015423
DP	0	156	0	0.000000	222	0.013533
DP	0	157	0	0.000000	227	0.013838
DP	0	158	0	0.000000	225	0.013716
DP	0	159	0	0.000000	234	0.014265
DP	0	160	0	0.000000	216	0.013168
DP	0	161	0	0.000000	210	0.012802
DP	0	162	0	0.000000	215	0.013107
DP	0	163	0	0.000000	191	0.011644
DP	0	164	0	0.000000	195	0.011887
DP	0	165	0	0.000000	186	0.011339
DP	0	166	0	0.000000	188	0.011461
DP	0	167	0	0.000000	189	0.011522
DP	0	168	0	0.000000	185	0.011278
DP	0	169	0	0.000000	186	0.011339
DP	0	170	0	0.000000	171	0.010424
DP	0	171	0	0.000000	213	0.012985
DP	0	172	0	0.000000	187	0.011400
DP	0	173	0	0.000000	154	0.009388
DP	0	174	0	0.000000	175	0.010668
DP	0	175	0	0.000000	183	0.011156
DP	0	176	0	0.000000	179	0.010912
DP	0	177	0	0.000000	142	0.008657
DP	0	178	0	0.000000	179	0.010912
DP	0	179	0	0.000000	152	0.009266
DP	0	180	0	0.000000	150	0.009144
DP	0	181	0	0.000000	155	0.009449
DP	0	182	0	0.000000	145	0.008839
DP	0	183	0	0.000000	161	0.009815
DP	0	184	0	0.000000	127	0.007742
DP	0	185	0	0.000000	163	0.009937
DP	0	186	0	0.000000	149	0.009083
DP	0	187	0	0.000000	146	0.008900
DP	0	188	0	0.000000	125	0.007620
DP	0	189	0	0.000000	156	0.009510
DP	0	190	0	0.000000	149	0.009083
DP	0	191	0	0.000000	141	0.008596
DP	0	192	0	0.000000	117	0.007132
DP	0	193	0	0.000000	131	0.007986
DP	0	194	0	0.000000	113	0.006889
DP	0	195	0	0.000000	150	0.009144
DP	0	196	0	0.000000	135	0.008230
DP	0	197	0	0.000000	122	0.007437
DP	0	198	0	0.000000	107	0.006523
DP	0	199	0	0.000000	117	0.007132
DP	0	200	0	0.000000	114	0.006950
DP	0	201	0	0.000000	118	0.007193
DP	0	202	0	0.000000	107	0.006523
DP	0	203	0	0.000000	101	0.006157
DP	0	204	0	0.000000	120	0.007315
DP	0	205	0	0.000000	134	0.008169
DP	0	206	0	0.000000	97	0.005913
DP	0	207	0	0.000000	129	0.007864
DP	0	208	0	0.000000	97	0.005913
DP	0	209	0	0.000000	113	0.006889
DP	0	210	0	0.000000	110	0.006706
DP	0	211	0	0.000000	112	0.006828
DP	0	212	0	0.000000	96	0.005852
DP	0	213	0	0.000000	107	0.006523
DP	0	214	0	0.000000	101	0.006157
DP	0	215	0	0.000000	105	0.006401
DP	0	216	0	0.000000	98	0.005974
DP	0	217	0	0.000000	85	0.005182
DP	0	218	0	0.000000	97	0.005913
DP	0	219	0	0.000000	95	0.005791
DP	0	220	0	0.000000	83	0.005060
DP	0	221	0	0.000000	98	0.005974
DP	0	222	0	0.000000	95	0.005791
DP	0	223	0	0.000000	97	0.005913
DP	0	224	0	0.000000	94	0.005730
DP	0	225	0	0.000000	87	0.005304
DP	0	226	0	0.000000	86	0.005243
DP	0	227	0	0.000000	94	0.005730
DP	0	228	0	0.000000	93	0.005669
DP	0	229	0	0.000000	82	0.004999
DP	0	230	0	0.000000	91	0.005547
DP	0	231	0	0.000000	73	0.004450
DP	0	232	0	0.000000	78	0.004755
DP	0	233	0	0.000000	82	0.004999
DP	0	234	0	0.000000	79	0.004816
DP	0	235	0	0.000000	66	0.004023
DP	0	236	0	0.000000	74	0.004511
DP	0	237	0	0.000000	87	0.005304
DP	0	238	0	0.000000	71	0.004328
DP	0	239	0	0.000000	68	0.004145
DP	0	240	0	0.000000	74	0.004511
DP	0	241	0	0.000000	68	0.004145
DP	0	242	0	0.000000	70	0.004267
DP	0	243	0	0.000000	75	0.004572
DP	0	244	0	0.000000	81	0.004938
DP	0	245	0	0.000000	61	0.003719
DP	0	246	0	0.000000	70	0.004267
DP	0	247	0	0.000000	54	0.003292
DP	0	248	0	0.000000	67	0.004084
DP	0	249	0	0.000000	57	0.003475
DP	0	250	0	0.000000	48	0.002926
DP	0	251	0	0.000000	62	0.003780
DP	0	252	0	0.000000	56	0.003414
DP	0	253	0	0.000000	55	0.003353
DP	0	254	0	0.000000	67	0.004084
DP	0	255	0	0.000000	59	0.003597
DP	0	256	0	0.000000	49	0.002987
DP	0	257	0	0.000000	47	0.002865
DP	0	258	0	0.000000	52	0.003170
DP	0	259	0	0.000000	55	0.003353
DP	0	260	0	0.000000	58	0.003536
DP	0	261	0	0.000000	54	0.003292
DP	0	262	0	0.000000	54	0.003292
DP	0	263	0	0.000000	48	0.002926
DP	0	264	0	0.000000	57	0.003475
DP	0	265	0	0.000000	49	0.002987
DP	0	266	0	0.000000	57	0.003475
DP	0	267	0	0.000000	54	0.003292
DP	0	268	0	0.000000	53	0.003231
DP	0	269	0	0.000000	45	0.002743
DP	0	270	0	0.000000	56	0.003414
DP	0	271	0	0.000000	49	0.002987
DP	0	272	0	0.000000	50	0.003048
DP	0	273	0	0.000000	54	0.003292
DP	0	274	0	0.000000	44	0.002682
DP	0	275	0	0.000000	49	0.002987
DP	0	276	0	0.000000	46	0.002804
DP	0	277	0	0.000000	47	0.002865
DP	0	278	0	0.000000	36	0.002195
DP	0	279	0	0.000000	44	0.002682
DP	0	280	0	0.000000	39	0.002377
DP	0	281	0	0.000000	28	0.001707
DP	0	282	0	0.000000	49	0.002987
DP	0	283	0	0.000000	43	0.002621
DP	0	284	0	0.000000	34	0.002073
DP	0	285	0	0.000000	30	0.001829
DP	0	286	0	0.000000	38	0.002317
DP	0	287	0	0.000000	32	0.001951
DP	0	288	0	0.000000	39	0.002377
DP	0	289	0	0.000000	45	0.002743
DP	0	290	0	0.000000	37	0.002256
DP	0	291	0	0.000000	38	0.002317
DP	0	292	0	0.000000	53	0.003231
DP	0	293	0	0.000000	41	0.002499
DP	0	294	0	0.000000	37	0.002256
DP	0	295	0	0.000000	32	0.001951
DP	0	296	0	0.000000	29	0.001768
DP	0	297	0	0.000000	23	0.001402
DP	0	298	0	0.000000	32	0.001951
DP	0	299	0	0.000000	30	0.001829
DP	0	300	0	0.000000	29	0.001768
DP	0	301	0	0.000000	32	0.001951
DP	0	302	0	0.000000	36	0.002195
DP	0	303	0	0.000000	26	0.001585
DP	0	304	0	0.000000	28	0.001707
DP	0	305	0	0.000000	27	0.001646
DP	0	306	0	0.000000	27	0.001646
DP	0	307	0	0.000000	40	0.002438
DP	0	308	0	0.000000	37	0.002256
DP	0	309	0	0.000000	38	0.002317
DP	0	310	0	0.000000	25	0.001524
DP	0	311	0	0.000000	41	0.002499
DP	0	312	0	0.000000	44	0.002682
DP	0	313	0	0.000000	33	0.002012
DP	0	314	0	0.000000	22	0.001341
DP	0	315	0	0.000000	29	0.001768
DP	0	316	0	0.000000	17	0.001036
DP	0	317	0	0.000000	29	0.001768
DP	0	318	0	0.000000	28	0.001707
DP	0	319	0	0.000000	27	0.001646
DP	0	320	0	0.000000	21	0.001280
DP	0	321	0	0.000000	27	0.001646
DP	0	322	0	0.000000	23	0.001402
DP	0	323	0	0.000000	35	0.002134
DP	0	324	0	0.000000	32	0.001951
DP	0	325	0	0.000000	33	0.002012
DP	0	326	0	0.000000	27	0.001646
DP	0	327	0	0.000000	38	0.002317
DP	0	328	0	0.000000	19	0.001158
DP	0	329	0	0.000000	31	0.001890
DP	0	330	0	0.000000	30	0.001829
DP	0	331	0	0.000000	23	0.001402
DP	0	332	0	0.000000	30	0.001829
DP	0	333	0	0.000000	26	0.001585
DP	0	334	0	0.000000	26	0.001585
DP	0	335	0	0.000000	22	0.001341
DP	0	336	0	0.000000	16	0.000975
DP	0	337	0	0.000000	14	0.000853
DP	0	338	0	0.000000	20	0.001219
DP	0	339	0	0.000000	21	0.001280
DP	0	340	0	0.000000	27	0.001646
DP	0	341	0	0.000000	20	0.001219
DP	0	342	0	0.000000	23	0.001402
DP	0	343	0	0.000000	18	0.001097
DP	0	344	0	0.000000	24	0.001463
DP	0	345	0	0.000000	28	0.001707
DP	0	346	0	0.000000	18	0.001097
DP	0	347	0	0.000000	31	0.001890
DP	0	348	0	0.000000	23	0.001402
DP	0	349	0	0.000000	19	0.001158
DP	0	350	0	0.000000	18	0.001097
DP	0	351	0	0.000000	16	0.000975
DP	0	352	0	0.000000	23	0.001402
DP	0	353	0	0.000000	22	0.001341
DP	0	354	0	0.000000	20	0.001219
DP	0	355	0	0.000000	29	0.001768
DP	0	356	0	0.000000	23	0.001402
DP	0	357	0	0.000000	18	0.001097
DP	0	358	0	0.000000	12	0.000732
DP	0	359	0	0.000000	18	0.001097
DP	0	360	0	0.000000	21	0.001280
DP	0	361	0	0.000000	12	0.000732
DP	0	362	0	0.000000	18	0.001097
DP	0	363	0	0.000000	16	0.000975
DP	0	364	0	0.000000	20	0.001219
DP	0	365	0	0.000000	27	0.001646
DP	0	366	0	0.000000	22	0.001341
DP	0	367	0	0.000000	19	0.001158
DP	0	368	0	0.000000	16	0.000975
DP	0	369	0	0.000000	12	0.000732
DP	0	370	0	0.000000	19	0.001158
DP	0	371	0	0.000000	7	0.000427
DP	0	372	0	0.000000	16	0.000975
DP	0	373	0	0.000000	18	0.001097
DP	0	374	0	0.000000	11	0.000671
DP	0	375	0	0.000000	10	0.000610
DP	0	376	0	0.000000	13	0.000792
DP	0	377	0	0.000000	17	0.001036
DP	0	378	0	0.000000	15	0.000914
DP	0	379	0	0.000000	15	0.000914
DP	0	380	0	0.000000	12	0.000732
DP	0	381	0	0.000000	12	0.000732
DP	0	382	0	0.000000	11	0.000671
DP	0	383	0	0.000000	12	0.000732
DP	0	384	0	0.000000	9	0.000549
DP	0	385	0	0.000000	10	0.000610
DP	0	386	0	0.000000	16	0.000975
DP	0	387	0	0.000000	17	0.001036
DP	0	388	0	0.000000	15	0.000914
DP	0	389	0	0.000000	10	0.000610
DP	0	390	0	0.000000	10	0.000610
DP	0	391	0	0.000000	9	0.000549
DP	0	392	0	0.000000	9	0.000549
DP	0	393	0	0.000000	8	0.000488
DP	0	394	0	0.000000	10	0.000610
DP	0	395	0	0.000000	16	0.000975
DP	0	396	0	0.000000	8	0.000488
DP	0	397	0	0.000000	14	0.000853
DP	0	398	0	0.000000	13	0.000792
DP	0	399	0	0.000000	8	0.000488
DP	0	400	0	0.000000	7	0.000427
DP	0	401	0	0.000000	8	0.000488
DP	0	402	0	0.000000	12	0.000732
DP	0	403	0	0.000000	14	0.000853
DP	0	404	0	0.000000	13	0.000792
DP	0	405	0	0.000000	10	0.000610
DP	0	406	0	0.000000	11	0.000671
DP	0	407	0	0.000000	13	0.000792
DP	0	408	0	0.000000	9	0.000549
DP	0	409	0	0.000000	12	0.000732
DP	0	410	0	0.000000	11	0.000671
DP	0	411	0	0.000000	10	0.000610
DP	0	412	0	0.000000	6	0.000366
DP	0	413	0	0.000000	6	0.000366
DP	0	414	0	0.000000	9	0.000549
DP	0	415	0	0.000000	12	0.000732
DP	0	416	0	0.000000	9	0.000549
DP	0	417	0	0.000000	7	0.000427
DP	0	418	0	0.000000	2	0.000122
DP	0	419	0	0.000000	7	0.000427
DP	0	420	0	0.000000	7	0.000427
DP	0	421	0	0.000000	7	0.000427
DP	0	422	0	0.000000	9	0.000549
DP	0	423	0	0.000000	12	0.000732
DP	0	424	0	0.000000	6	0.000366
DP	0	425	0	0.000000	13	0.000792
DP	0	426	0	0.000000	6	0.000366
DP	0	427	0	0.000000	9	0.000549
DP	0	428	0	0.000000	14	0.000853
DP	0	429	0	0.000000	7	0.000427
DP	0	430	0	0.000000	11	0.000671
DP	0	431	0	0.000000	10	0.000610
DP	0	432	0	0.000000	9	0.000549
DP	0	433	0	0.000000	6	0.000366
DP	0	434	0	0.000000	5	0.000305
DP	0	435	0	0.000000	6	0.000366
DP	0	436	0	0.000000	9	0.000549
DP	0	437	0	0.000000	8	0.000488
DP	0	438	0	0.000000	10	0.000610
DP	0	439	0	0.000000	14	0.000853
DP	0	440	0	0.000000	7	0.000427
DP	0	441	0	0.000000	4	0.000244
DP	0	442	0	0.000000	9	0.000549
DP	0	443	0	0.000000	7	0.000427
DP	0	444	0	0.000000	7	0.000427
DP	0	445	0	0.000000	8	0.000488
DP	0	446	0	0.000000	9	0.000549
DP	0	447	0	0.000000	6	0.000366
DP	0	448	0	0.000000	2	0.000122
DP	0	449	0	0.000000	14	0.000853
DP	0	450	0	0.000000	13	0.000792
DP	0	451	0	0.000000	9	0.000549
DP	0	452	0	0.000000	8	0.000488
DP	0	453	0	0.000000	6	0.000366
DP	0	454	0	0.000000	10	0.000610
DP	0	455	0	0.000000	6	0.000366
DP	0	456	0	0.000000	11	0.000671
DP	0	457	0	0.000000	5	0.000305
DP	0	458	0	0.000000	6	0.000366
DP	0	459	0	0.000000	10	0.000610
DP	0	460	0	0.000000	7	0.000427
DP	0	461	0	0.000000	6	0.000366
DP	0	462	0	0.000000	6	0.000366
DP	0	463	0	0.000000	3	0.000183
DP	0	464	0	0.000000	12	0.000732
DP	0	465	0	0.000000	9	0.000549
DP	0	466	0	0.000000	15	0.000914
DP	0	467	0	0.000000	5	0.000305
DP	0	468	0	0.000000	6	0.000366
DP	0	469	0	0.000000	4	0.000244
DP	0	470	0	0.000000	2	0.000122
DP	0	471	0	0.000000	7	0.000427
DP	0	472	0	0.000000	8	0.000488
DP	0	473	0	0.000000	4	0.000244
DP	0	474	0	0.000000	5	0.000305
DP	0	475	0	0.000000	7	0.000427
DP	0	477	0	0.000000	2	0.000122
DP	0	478	0	0.000000	2	0.000122
DP	0	479	0	0.000000	7	0.000427
DP	0	480	0	0.000000	3	0.000183
DP	0	481	0	0.000000	3	0.000183
DP	0	482	0	0.000000	4	0.000244
DP	0	483	0	0.000000	7	0.000427
DP	0	484	0	0.000000	2	0.000122
DP	0	485	0	0.000000	10	0.000610
DP	0	486	0	0.000000	2	0.000122
DP	0	487	0	0.000000	5	0.000305
DP	0	488	0	0.000000	4	0.000244
DP	0	489	0	0.000000	4	0.000244
DP	0	490	0	0.000000	6	0.000366
DP	0	491	0	0.000000	4	0.000244
DP	0	492	0	0.000000	5	0.000305
DP	0	493	0	0.000000	2	0.000122
DP	0	494	0	0.000000	3	0.000183
DP	0	495	0	0.000000	3	0.000183
DP	0	496	0	0.000000	4	0.000244
DP	0	497	0	0.000000	1	0.000061
DP	0	498	0	0.000000	4	0.000244
DP	0	499	0	0.000000	8	0.000488
DP	0	500	0	0.000000	2	0.000122
DP	0	>500	0	0.000000	667	0.040661
