# This file was produced by samtools stats (1.24+htslib-1.24) and can be plotted using plot-bamstats
# This file contains statistics for all reads.
# The command line was:  stats -@ 16 results/bam/NA12878.md.bam chr20
# CHK, Checksum	[2]Read Names	[3]Sequences	[4]Qualities
# CHK, CRC32 of reads which passed filtering followed by addition (32bit overflow)
CHK	b228df51	8efc64f0	99d82c81
# Summary Numbers. Use `grep ^SN | cut -f 2-` to extract this part.
SN	raw total sequences:	873786	# excluding supplementary and secondary reads
SN	filtered sequences:	0
SN	sequences:	873786
SN	is sorted:	1	# sorted by coordinate
SN	1st fragments:	436913
SN	last fragments:	436873
SN	reads mapped:	873780
SN	reads mapped and paired:	873774	# paired-end technology bit set + both mates mapped
SN	reads unmapped:	6
SN	reads properly paired:	870164	# proper-pair bit set
SN	reads paired:	873786	# paired-end technology bit set
SN	reads duplicated:	47028	# PCR or optical duplicate bit set
SN	reads MQ0:	22804	# mapped and MQ=0
SN	reads QC failed:	0
SN	non-primary alignments:	0
SN	supplementary alignments:	370
SN	total length:	86150199	# ignores clipping
SN	total first fragment length:	43077282	# ignores clipping
SN	total last fragment length:	43072917	# ignores clipping
SN	bases mapped:	86149593	# ignores clipping
SN	bases mapped (cigar):	86059617	# more accurate
SN	bases trimmed:	0
SN	bases duplicated:	4645332
SN	mismatches:	180981	# from NM fields
SN	error rate:	2.102972e-03	# mismatches / bases mapped (cigar)
SN	average length:	99
SN	average first fragment length:	99
SN	average last fragment length:	99
SN	maximum length:	101
SN	maximum first fragment length:	101
SN	maximum last fragment length:	101
SN	average quality:	36.2
SN	insert size average:	169.0
SN	insert size standard deviation:	66.3
SN	inward oriented pairs:	436404
SN	outward oriented pairs:	156
SN	pairs with other orientation:	31
SN	pairs on different chromosomes:	296
SN	percentage of properly paired reads (%):	99.6
SN	bases inside the target:	64444167
SN	percentage of target genome with coverage > 0 (%):	16.87
# First Fragment Qualities. Use `grep ^FFQ | cut -f 2-` to extract this part.
# Columns correspond to qualities and rows to cycles. First column is the cycle number.
FFQ	1	0	0	7	0	0	0	0	0	0	0	557	0	0	0	0	0	2316	0	0	50	0	0	85	1093	0	4056	2812	3357	8097	0	23681	136886	0	39273	214643	0	0	0	0	0	0	0	0
FFQ	2	0	0	3	0	0	0	0	0	0	0	477	0	0	0	0	0	1289	0	0	8	0	0	257	867	0	2300	2697	4603	5417	0	21771	128157	0	29049	240018	0	0	0	0	0	0	0	0
FFQ	3	0	0	8	0	0	0	0	0	0	0	2818	0	0	0	0	0	2950	0	0	22	0	0	837	1548	0	2092	4016	6929	4177	0	19872	123511	0	20394	247739	0	0	0	0	0	0	0	0
FFQ	4	0	0	30	0	0	0	0	0	0	0	1710	0	0	0	0	0	541	0	0	2279	0	0	314	0	0	1138	1407	111	4215	29	3798	85	8433	12778	0	98744	0	301301	0	0	0	0	0
FFQ	5	0	0	2	0	0	0	0	0	0	0	343	0	0	0	0	0	422	0	0	1147	0	0	292	0	0	1088	1701	83	4164	29	4621	84	9203	13942	0	97818	0	301974	0	0	0	0	0
FFQ	6	0	0	0	0	0	0	0	0	50	0	247	49	0	0	0	90	89	567	184	167	0	35	22	407	1	1330	1531	188	1952	919	4697	1069	8032	11692	1	86819	7724	309051	0	0	0	0	0
FFQ	7	0	0	0	0	0	0	0	0	68	0	311	55	0	0	0	67	111	460	261	158	0	57	31	472	0	1338	1754	312	1656	1060	5035	905	7784	10964	0	84070	7921	312063	0	0	0	0	0
FFQ	8	0	0	0	0	0	0	0	0	86	0	316	53	0	0	0	65	116	433	274	175	0	75	35	499	1	1445	1758	432	1439	1027	5165	936	7671	10641	1	82006	7372	314892	0	0	0	0	0
FFQ	9	0	0	0	0	0	1	1	1	73	0	296	44	0	0	0	80	146	510	211	137	2	81	57	460	1	1410	699	1455	1205	759	4738	717	6306	6655	4309	24301	6	45842	24295	312115	0	0	0
FFQ	10	0	0	0	0	0	1	3	1	84	0	298	72	1	0	2	118	156	571	272	146	6	86	65	462	3	1398	747	2053	1022	876	4860	831	6935	6895	4894	25620	19	47915	26619	303882	0	0	0
FFQ	11	0	0	0	0	0	2	1	1	55	0	285	49	0	0	2	114	168	449	240	134	4	94	44	552	11	1498	796	2208	487	969	5077	931	6699	7148	4307	25616	8	46939	27320	304705	0	0	0
FFQ	12	0	0	0	0	0	1	4	0	88	0	333	46	3	0	0	87	193	532	284	148	8	100	70	517	8	1507	887	2724	333	1020	5186	830	7101	7292	4705	26258	19	47264	28407	300958	0	0	0
FFQ	13	0	0	0	0	0	0	1	1	85	0	341	46	3	0	0	93	179	452	254	156	13	106	57	547	24	1554	790	2691	271	1006	5255	731	7069	7348	4632	26304	12	47164	28086	301642	0	0	0
FFQ	14	0	0	0	0	0	2	3	1	93	1	341	59	2	0	0	14	224	506	280	159	8	104	57	271	311	1544	741	2697	213	1034	2419	3456	5073	7559	5022	5169	16116	13235	39078	27256	82174	221691	0
FFQ	15	0	0	0	0	0	2	3	1	96	4	308	73	5	0	2	25	225	508	262	168	10	101	58	304	348	1556	690	2763	203	1071	2375	3562	4874	7603	4882	5356	15968	12797	39543	26511	82199	222457	0
FFQ	16	0	0	0	0	0	0	2	0	99	3	321	58	2	3	2	30	249	497	278	145	10	133	82	349	326	1577	790	2756	236	1082	2744	3696	4760	7801	4995	5414	16048	12875	39927	25958	82616	221049	0
FFQ	17	0	0	0	0	0	2	1	3	95	6	326	63	6	0	1	46	249	487	322	189	7	125	74	346	389	1575	745	2825	260	1045	2589	3661	4809	7921	4959	5700	16253	12940	39738	26205	82726	220225	0
FFQ	18	0	0	0	0	0	2	2	2	110	14	302	69	7	0	5	33	250	523	306	190	19	133	81	323	393	1572	777	2724	233	1074	2783	3563	5049	7812	5036	5763	16055	13297	39810	26644	82009	219948	0
FFQ	19	0	0	0	0	0	1	6	5	128	9	366	73	11	2	4	50	229	81	798	170	20	171	67	333	446	1536	798	2697	273	1042	2839	3596	4866	4982	8077	6065	13817	13797	34382	31314	83339	220523	0
FFQ	20	0	0	0	0	0	4	4	9	120	15	350	63	12	1	5	78	250	87	777	197	23	176	86	389	545	1556	844	2731	253	1075	2909	3629	4892	5241	8078	6334	13811	13819	35103	31631	83867	217949	0
FFQ	21	0	0	0	0	0	3	8	11	144	32	297	68	11	8	10	87	250	126	701	197	17	173	102	424	582	1580	829	2690	283	1151	2975	3588	4838	5346	8172	6605	13909	13829	35103	32031	83601	217132	0
FFQ	22	0	0	0	0	0	4	7	9	122	41	303	65	7	7	11	120	261	161	682	205	20	181	97	443	677	1487	892	2649	309	1241	3174	3701	4765	5181	8056	6969	14059	13921	35066	32399	83467	216154	0
FFQ	23	0	0	0	0	0	5	13	10	144	47	298	50	10	9	13	89	303	170	650	211	38	213	114	469	733	1382	888	2529	317	1167	3329	3666	4667	5408	8091	7399	14046	13935	35425	32822	83085	215168	0
FFQ	24	0	0	0	0	0	2	19	13	149	64	289	45	19	2	6	132	284	188	539	209	31	214	122	474	826	1323	878	2505	323	1112	3544	3713	4585	5676	7940	7872	14029	13834	36064	31930	80688	217270	0
FFQ	25	0	0	0	0	0	3	15	19	161	62	270	54	22	6	14	134	305	214	528	210	31	262	125	490	947	1306	926	2405	329	1196	3640	3773	4441	5649	8167	8235	13851	14165	36412	31665	81678	215203	0
FFQ	26	0	0	0	0	0	5	25	31	262	139	387	61	23	18	20	171	367	261	498	234	50	261	131	626	1100	1278	941	2323	347	1215	3928	3698	4383	5854	8079	8875	13853	14284	36443	31648	82621	212473	0
FFQ	27	0	0	0	0	0	7	30	40	303	153	352	44	33	18	32	201	413	285	480	221	57	296	140	576	1204	1351	939	2232	369	1311	4306	3845	4182	5956	7798	9526	13936	14296	36905	31797	83477	209802	0
FFQ	28	0	0	0	0	0	12	30	51	329	187	306	37	29	28	27	230	422	301	465	210	64	341	151	636	1267	1311	1012	2272	421	1210	4502	3913	4032	6212	8017	9987	13944	14365	37511	31199	84346	207536	0
FFQ	29	0	0	0	0	0	10	34	36	337	240	277	32	43	26	47	307	477	293	400	240	88	354	164	615	1420	1412	1017	2193	425	1304	4884	4049	3880	6379	7967	10650	13703	14703	38193	31078	84791	204845	0
FFQ	30	0	0	0	0	0	10	49	57	342	264	217	23	36	23	37	343	461	276	365	218	92	375	170	671	1416	1347	1004	1998	482	1295	5050	4076	3752	6669	8029	11501	13477	14762	38123	31037	85424	203442	0
FFQ	31	0	0	0	0	0	13	44	87	376	295	201	17	34	50	45	321	548	210	385	281	119	401	211	703	1532	1446	1068	1968	479	1349	5197	4093	3600	6824	7791	12229	13348	15075	38903	30315	85511	201844	0
FFQ	32	0	0	0	0	0	14	61	80	366	389	140	15	53	45	57	356	497	194	369	274	104	466	242	676	1486	1441	1169	1879	614	1353	5290	4107	3407	7086	7954	13295	13304	15216	38826	29853	85627	200608	0
FFQ	33	0	0	0	0	0	20	77	110	434	360	104	16	62	48	63	370	553	168	415	246	126	460	244	704	1475	1488	1170	1899	595	1345	5426	4227	3265	7313	7849	14168	12926	15570	39380	29573	85448	199216	0
FFQ	34	0	0	0	0	0	19	75	113	374	432	67	28	64	56	69	456	525	121	393	271	154	498	248	749	1517	1498	1246	1720	643	1408	5602	4283	3152	7692	7785	15289	13032	15965	39742	29142	85730	196755	0
FFQ	35	0	0	0	0	0	22	75	115	402	387	52	32	78	54	72	457	503	111	395	266	196	492	285	777	1580	1535	1361	1766	704	1488	5661	4357	3195	8012	7932	16080	12585	16201	39898	29433	85148	195206	0
FFQ	36	0	0	0	0	0	26	95	149	395	448	36	25	81	74	69	483	502	109	441	294	163	556	324	835	1636	1493	1386	1779	775	1528	5674	4494	3244	8268	7902	17168	12339	16645	40017	29314	85263	192883	0
FFQ	37	0	0	2	0	0	30	100	163	377	468	22	35	89	104	100	528	505	78	465	296	196	568	361	848	1623	1451	1523	1788	912	1530	5671	4712	3270	8793	7830	18172	12311	17036	40578	29240	84937	190201	0
FFQ	38	0	0	2	0	0	27	95	189	414	459	18	39	99	112	129	576	424	118	434	327	229	561	378	844	1621	1385	1561	1701	1028	1608	5584	4776	3419	9202	8048	19178	12276	17464	39976	29854	84374	188384	0
FFQ	39	0	0	5	0	0	21	123	198	379	455	20	34	106	137	115	552	371	98	484	317	240	585	396	1129	1664	1286	1616	1746	1128	1702	5706	4838	3501	9404	8081	20336	12309	17857	38986	30794	84603	185591	0
FFQ	40	0	0	5	0	0	47	110	206	347	406	24	56	119	148	144	581	332	111	476	315	263	622	417	1062	1664	1201	1706	1704	1277	1704	5487	4993	3680	9709	8173	21676	12497	18224	38629	31723	83563	183512	0
FFQ	41	0	0	5	0	0	34	126	228	376	446	24	47	125	159	172	571	298	129	537	317	293	589	463	1208	1685	1154	1895	1698	1374	1836	5442	5190	3923	10293	8518	22493	12838	18722	38545	31514	83245	180401	0
FFQ	42	0	0	8	0	0	39	150	279	397	427	31	55	124	140	193	647	280	173	518	328	341	650	484	1286	1746	1053	1906	1791	1579	1884	5404	5312	4049	10641	8663	23543	12955	19152	38447	32188	82776	177274	0
FFQ	43	0	0	10	0	0	54	136	289	415	436	32	62	153	216	181	621	225	151	536	374	340	663	579	1316	1731	933	2018	1748	1697	1899	5441	5386	4166	10930	9003	25024	13215	19868	37871	32950	82141	174103	0
FFQ	44	0	0	14	0	0	27	115	259	315	335	24	61	150	186	165	543	185	105	483	283	361	564	553	1235	1545	845	1808	1588	1804	1753	5161	5158	4004	11034	8802	26694	13186	20920	36273	36027	81399	172949	0
FFQ	45	0	0	14	0	0	31	93	261	307	331	29	54	124	179	160	519	120	142	351	264	514	445	515	1390	1603	818	1900	1560	1817	1891	5026	5327	4147	10536	8895	28660	13852	20722	35292	35068	80132	173824	0
FFQ	46	0	0	17	0	0	29	112	256	297	318	24	45	141	195	195	484	132	151	396	305	538	416	545	1503	1503	715	1901	1573	1897	1799	4760	5275	4180	10782	9361	30282	14204	21703	34596	34956	78099	173228	0
FFQ	47	0	0	24	0	0	36	120	287	313	312	29	53	120	239	213	492	87	182	402	288	594	428	602	1496	1557	731	2008	1623	2140	1867	4645	5475	4317	11086	9873	32115	15051	22395	33941	35204	76643	169925	0
FFQ	48	0	0	32	0	0	32	145	286	326	272	42	75	130	250	228	449	117	164	462	283	639	432	613	1623	1523	656	2223	1703	2258	2065	4655	5521	4401	11425	10488	33968	15695	23297	33494	36237	74026	166678	0
FFQ	49	0	0	34	0	0	42	126	355	322	271	29	70	155	275	226	412	102	179	435	295	684	465	646	1458	1638	554	2229	1744	2518	2117	4611	5796	4881	11433	10762	36205	16250	24358	30359	39582	73119	162176	0
FFQ	50	0	0	37	0	0	45	137	322	353	229	33	76	157	301	236	384	92	197	448	317	731	437	707	1516	1746	536	2391	1869	2527	2238	4460	6208	5030	11856	11675	38506	17045	24913	29863	40086	71600	157609	0
FFQ	51	0	0	42	0	0	48	134	358	321	268	42	84	156	326	213	389	111	198	455	296	807	499	702	1604	1639	488	2516	1909	2762	2374	4456	6233	5077	12053	12235	40987	17738	26153	29340	41325	70069	152299	0
FFQ	52	0	0	47	0	0	66	133	375	376	239	27	82	175	303	254	349	90	180	495	338	831	383	825	1612	1635	500	2536	1903	2914	2438	4507	6433	5264	12274	13199	43743	18482	27378	28619	41944	68039	147454	0
FFQ	53	0	0	57	0	0	58	150	336	359	178	49	98	198	363	243	318	95	186	532	332	895	466	868	1759	1646	491	2669	1887	2958	2517	4453	6461	5548	12438	13777	46807	19440	28390	28052	42638	66178	142276	0
FFQ	54	0	0	58	0	0	56	145	365	390	180	52	102	197	363	234	309	75	220	566	276	1031	435	876	1763	1534	465	2810	1942	3213	2705	4409	6775	5783	12980	14501	49797	20392	29256	27220	43201	64178	136986	0
FFQ	55	0	0	64	0	0	51	157	428	371	166	70	103	151	408	263	271	74	232	570	305	989	592	966	1797	1071	922	2935	1939	3358	2856	4515	6916	5885	12912	15491	53256	21301	29593	27636	44026	61787	131022	0
FFQ	56	0	0	69	0	0	72	155	434	416	134	58	106	157	408	282	305	80	277	614	301	987	603	985	1750	1037	960	3005	2067	3511	3007	4446	7217	6126	13219	16603	56964	22188	30751	26595	44341	60075	124670	0
FFQ	57	0	0	73	0	0	80	181	459	450	134	72	121	156	420	254	288	95	246	655	299	1072	575	1080	1909	1082	943	3230	1994	3608	3099	4542	7594	6433	13873	17430	60261	23453	31632	25981	45054	57532	118156	0
FFQ	58	0	0	83	0	0	88	165	470	443	119	73	135	149	449	275	264	93	223	672	301	1152	623	1174	1896	1025	1103	3288	2076	3809	3338	4698	7763	6810	14090	18188	64282	24736	32327	25445	45667	54757	111783	0
FFQ	59	0	0	93	0	0	87	141	485	480	93	85	142	168	435	206	271	96	273	783	265	1016	542	1540	1536	898	955	4068	2016	3789	3322	4977	8097	6893	14593	19314	68440	25816	33437	24236	45669	52464	105859	0
FFQ	60	0	0	105	0	0	91	151	485	433	70	85	146	179	472	194	254	76	263	806	259	1064	534	1556	1516	822	1000	4078	2082	3832	3489	5063	8170	7188	15135	20180	72776	26725	34353	23135	45967	50273	100058	0
FFQ	61	0	0	114	0	0	109	164	532	480	63	85	151	182	459	194	276	80	315	809	271	1144	540	1557	1521	831	1082	4085	2083	3762	3673	5210	8388	7282	15387	21406	77616	27386	35396	22414	45797	47983	93708	0
FFQ	62	0	0	151	0	0	113	135	543	482	50	99	178	157	456	193	261	94	290	863	266	1150	519	1672	1466	799	1160	4460	2250	3884	3859	5206	8553	7829	15662	22532	82151	28465	35940	21641	45672	45152	87614	0
FFQ	63	0	0	195	0	0	96	123	500	425	39	115	189	160	452	203	248	92	286	784	249	1144	533	1586	1458	753	1117	4279	2129	3837	3811	5386	8557	7889	16153	23133	87963	29672	37111	19964	47242	42334	81167	0
FFQ	64	0	0	251	0	0	92	152	509	439	30	103	156	192	424	160	271	72	305	837	212	1199	568	1742	1392	821	1110	4291	2232	3649	3960	5306	8632	8063	16074	23741	94006	30551	37620	18740	46213	38766	77938	0
FFQ	65	0	0	313	0	0	96	149	472	430	24	115	187	169	410	157	254	97	341	659	398	1302	514	1332	1650	777	1159	4330	1648	3538	4769	5473	8775	8073	16400	24521	99553	31647	38248	17477	45937	35870	72863	0
FFQ	66	0	0	390	0	0	107	140	533	437	16	124	186	178	426	154	284	75	362	704	395	1310	558	1463	1680	817	1340	4439	1570	3624	5109	5532	8786	8149	16898	25277	104780	32673	38566	16792	45662	32934	66903	0
FFQ	67	0	0	459	0	0	123	110	546	407	13	123	183	185	441	142	296	100	366	713	381	1351	520	1474	1767	760	1307	4389	1656	3546	5036	6017	9020	8507	17349	26201	110674	33195	38863	15550	45441	30336	61080	0
FFQ	68	0	0	539	0	0	120	139	599	404	2	154	193	172	401	131	322	122	370	715	443	1324	554	1450	1737	794	1351	4540	1802	3306	5360	6235	9178	8629	17898	27340	116166	34090	39178	14384	44292	27740	55717	0
FFQ	69	0	0	616	0	0	118	109	598	395	0	166	215	171	387	116	291	110	369	743	439	1462	516	1533	1646	866	1478	4732	1828	3324	5527	6302	9319	8826	18680	28226	121793	34611	39511	13399	42982	25501	50154	0
FFQ	70	0	0	710	0	0	138	127	617	389	1	157	206	146	404	117	296	114	389	781	427	1540	514	1041	1351	1667	1491	4597	1821	3172	5756	6512	9309	9074	19371	29267	127601	35512	39502	12398	41752	23011	44943	0
FFQ	71	0	0	793	0	0	159	113	619	360	0	196	245	158	364	111	281	110	419	762	471	1524	546	1122	1366	1702	1610	4893	1861	2967	5900	6612	9499	9242	19819	30250	133003	36162	39470	11304	40740	20653	39961	0
FFQ	72	0	0	889	0	0	140	125	665	368	1	197	251	192	377	95	342	118	440	812	426	1595	496	1048	1310	1734	1642	4843	1926	3014	6133	6966	9519	9502	20272	31382	138447	36747	39595	10397	39106	18308	35076	0
FFQ	73	0	0	1010	0	0	134	116	694	370	1	196	233	180	370	93	356	125	444	872	437	1651	521	983	1380	1849	1755	4803	2004	2794	6320	6980	9665	9662	21091	32067	144025	37175	39417	9593	37678	16263	30257	0
FFQ	74	0	0	1124	0	0	127	89	693	330	3	187	217	175	331	90	366	114	448	847	485	1724	467	986	1317	1905	1732	4767	2090	2628	6627	7103	9927	9837	21094	33330	149883	37600	38771	8557	36183	14173	26288	0
FFQ	75	0	0	1241	0	0	131	83	664	329	0	228	221	164	309	99	374	112	430	873	486	1818	505	892	1383	1976	1872	3986	3120	2451	6680	7323	10066	9831	22004	34594	154724	38089	38057	7859	34327	12334	21977	0
FFQ	76	0	0	1392	0	0	129	89	687	293	0	226	201	192	311	70	402	113	463	890	452	1804	465	857	1431	2009	1939	3845	3347	2263	6943	7364	9997	9888	22741	35354	160296	38453	37277	6851	32742	10310	18441	0
FFQ	77	0	0	1528	0	0	146	71	708	300	1	260	214	164	267	76	407	118	489	945	511	1707	429	852	1455	2024	2053	3894	3354	2161	6913	7565	10252	10256	22672	36977	165290	38381	36378	6127	30736	8596	15156	0
FFQ	78	0	0	1707	0	0	162	91	750	282	0	264	201	174	250	87	445	136	467	951	512	1889	458	833	1493	2092	2056	3725	3547	1970	7227	7544	10309	10339	23370	37817	170063	38418	35440	5359	28386	7148	12331	0
FFQ	79	0	0	1861	0	0	147	80	759	278	0	257	235	185	249	75	448	136	527	932	537	1916	452	719	1462	2196	2198	3695	3624	1952	7156	7635	10388	10373	23998	38580	174962	38380	34591	4634	25573	5820	10081	0
FFQ	80	0	0	2010	0	0	152	73	755	264	0	250	239	187	229	72	453	116	536	949	506	1904	423	671	1547	2228	2400	3499	3762	1689	7633	7654	10310	10555	24363	39162	179933	38414	33044	4045	23140	4763	7875	0
FFQ	81	0	0	2187	0	0	188	66	744	236	0	279	224	173	204	66	471	131	524	928	546	1923	378	665	1553	2151	2341	3359	3656	1593	7741	7717	10550	10768	24590	40483	184529	38027	31691	3497	20592	3599	6224	0
FFQ	82	0	0	2412	0	0	158	56	729	240	0	275	211	197	191	49	474	119	550	902	628	1911	425	560	1628	2268	2511	3334	3824	1485	7801	7581	10413	10585	24925	41342	189288	37723	30234	2928	18018	2764	4583	0
FFQ	83	0	0	2579	0	0	193	60	751	203	0	329	191	205	171	39	483	124	529	914	600	1976	379	502	1602	2313	2537	3196	4107	1371	7868	7714	10619	10834	25476	41951	193164	37272	28377	2362	15525	2025	3475	0
FFQ	84	0	0	2774	0	0	140	40	781	195	0	300	209	206	177	50	480	114	543	880	669	1998	349	432	1610	2431	2647	3156	4111	1291	7828	7613	10650	11027	25753	43296	196800	36645	26306	2018	13337	1512	2405	0
FFQ	85	0	0	2986	0	0	166	54	792	206	0	304	179	207	147	35	499	135	564	950	701	2020	343	426	1696	2294	2607	2908	4266	1148	8006	7692	10929	10961	25688	43721	200721	36263	24349	1594	11122	1001	1682	0
FFQ	86	0	0	3206	0	0	158	59	795	190	0	312	196	186	128	45	514	136	616	1021	687	1981	324	400	1606	2441	2861	2837	4266	1040	8189	7695	10828	11178	25965	44333	204348	35042	22060	1329	9273	668	1071	0
FFQ	87	0	0	3485	0	0	178	42	752	169	1	330	161	216	128	45	496	107	573	983	713	2054	335	351	1686	2470	2928	2787	4413	971	8100	7485	10749	11123	26597	45248	207079	34195	19949	975	7566	426	663	0
FFQ	88	0	0	3791	0	0	167	32	785	168	0	364	188	177	109	32	495	146	564	921	718	2073	298	287	1683	2569	2961	2546	4452	878	8199	7640	10878	11364	26301	46274	209687	33341	17568	836	5776	281	423	0
FFQ	89	0	0	4133	0	0	161	32	750	146	0	343	168	197	95	30	484	112	596	947	761	2063	260	242	1706	2386	2943	2396	4472	796	8436	7507	10878	11370	26392	46700	212576	32229	15574	619	4370	182	279	0
FFQ	90	0	0	4432	0	0	156	27	737	144	0	352	149	183	55	18	495	125	629	945	764	2091	242	218	1715	2501	3016	2276	4497	677	8150	7411	11000	11528	26416	47335	214797	31097	13495	454	3191	131	175	0
FFQ	91	0	0	4784	0	0	146	29	745	152	0	358	133	177	73	27	512	99	615	963	752	1907	207	222	1721	2541	3161	2162	4594	634	8236	7155	11100	11400	26683	48120	216318	29982	11435	321	2211	80	136	0
FFQ	92	0	0	5124	0	0	152	28	669	106	0	316	135	168	58	21	530	132	647	911	785	1985	183	179	1724	2537	3159	2035	4680	586	8322	7381	10860	11622	26510	48071	218351	28542	9762	199	1531	57	86	0
FFQ	93	0	0	5583	0	0	118	23	695	135	0	284	129	173	36	19	533	116	606	945	767	1872	174	191	1723	2637	3220	1758	4730	533	8201	7272	11029	11410	26502	48432	219989	27245	8089	138	947	43	76	0
FFQ	94	0	0	6131	0	0	137	13	621	107	1	312	98	164	52	18	499	98	584	900	763	1816	161	150	1627	2621	3275	1644	4759	500	8342	7228	11186	11409	26589	48398	220678	25876	6776	73	619	32	67	0
FFQ	95	0	0	6712	0	0	113	11	540	93	0	286	98	24	142	15	486	113	539	950	766	1776	142	143	1618	2565	3270	1456	4814	436	8263	7334	11074	11521	26678	49275	220902	24553	5252	73	375	26	43	0
FFQ	96	0	0	7390	0	0	112	9	514	91	0	252	90	30	144	8	492	117	518	874	746	1713	109	126	1720	2470	3302	1408	4722	394	8256	7220	10948	11379	26811	49305	221246	23490	4076	53	276	14	34	0
FFQ	97	0	0	8146	0	0	79	7	399	58	0	212	84	14	104	8	425	104	513	823	830	1629	94	111	1643	2416	3184	1218	4723	341	8160	7198	10865	11554	26651	49001	221753	22156	3255	31	182	17	25	0
FFQ	98	0	0	9034	0	0	44	3	286	37	0	139	38	15	96	1	410	119	492	853	714	1461	74	115	1555	2486	3311	1100	4770	323	8051	7111	10827	11299	26460	49232	221729	21154	2512	12	128	15	24	0
FFQ	99	0	0	10004	0	0	28	1	156	10	0	75	21	3	52	4	425	110	468	849	720	1519	66	120	1589	2462	3097	946	4706	296	8137	7187	10955	11473	26507	49178	220799	20028	1940	13	88	7	23	0
FFQ	100	0	0	10868	0	0	0	0	1	0	0	2	0	0	7	2	363	117	488	834	663	1415	45	102	1590	2445	3244	847	4861	226	8020	7184	10725	11617	26490	49314	219717	19141	1537	10	77	10	11	0
FFQ	101	0	0	11598	0	0	0	0	0	0	0	0	0	0	0	0	621	161	708	1215	1135	2019	58	107	2025	3224	4295	961	5895	261	10006	8335	12856	14011	29775	57381	196207	15662	1228	17	42	5	4	0
# Last Fragment Qualities. Use `grep ^LFQ | cut -f 2-` to extract this part.
# Columns correspond to qualities and rows to cycles. First column is the cycle number.
LFQ	1	0	0	319	0	0	0	0	42	0	0	1525	0	15	0	0	13	2369	0	11	4	18	0	359	2301	17	3012	5161	5621	7256	345	29139	159402	0	26561	193383	0	0	0	0	0	0	0	0
LFQ	2	0	0	71	0	0	0	0	37	0	0	1193	0	14	0	0	19	2942	0	6	24	12	0	753	1861	20	3287	5060	7443	7575	260	26402	140344	0	22504	217046	0	0	0	0	0	0	0	0
LFQ	3	0	0	37	0	0	0	0	27	0	0	1380	0	14	0	0	40	2438	0	11	8	18	0	759	1883	16	2764	5192	7819	6857	248	24826	136605	0	14271	231660	0	0	0	0	0	0	0	0
LFQ	4	0	0	40	0	0	0	0	32	0	0	1050	0	19	0	0	0	704	308	6	1297	16	0	544	16	18	1668	2119	648	3793	50	5664	190	9792	13695	0	101498	0	293706	0	0	0	0	0
LFQ	5	0	0	23	0	0	0	0	21	0	0	918	0	13	0	0	0	799	262	11	854	18	0	656	26	20	1701	2356	652	3475	78	6173	199	9876	13663	0	99436	0	295643	0	0	0	0	0
LFQ	6	0	0	0	0	0	0	0	8	130	0	575	155	3	5	0	119	175	798	334	252	2	85	219	568	16	1762	2081	593	1944	1145	5756	1395	9665	11388	1	89414	6938	301347	0	0	0	0	0
LFQ	7	0	0	0	0	0	0	3	11	154	0	637	173	2	11	0	101	192	771	415	306	1	99	226	755	12	1784	2332	723	1954	1435	6405	1181	10384	11589	1	86991	6800	301425	0	0	0	0	0
LFQ	8	0	0	0	0	0	0	1	12	149	0	674	156	1	16	0	137	202	792	444	281	5	115	261	726	13	1896	2322	902	1863	1440	6499	1254	10392	11664	1	87145	6698	300812	0	0	0	0	0
LFQ	9	0	0	0	0	0	0	1	10	152	0	770	148	5	9	3	155	230	881	409	279	10	111	250	668	16	1821	962	2349	1635	1296	6188	1099	8278	8327	5373	28388	15	48946	29096	288993	0	0	0
LFQ	10	0	0	2	0	0	2	3	9	216	0	787	185	2	15	1	158	252	973	418	277	10	152	279	741	16	2005	1047	3015	1310	1328	6415	1195	9044	8697	5857	29811	27	51249	29613	281762	0	0	0
LFQ	11	0	0	1	0	0	4	1	7	203	1	682	128	6	15	2	222	248	852	441	239	8	146	271	740	30	1893	1027	3252	810	1413	6374	1300	8780	8587	5308	30224	20	50808	31861	280969	0	0	0
LFQ	12	0	0	0	0	0	3	0	14	209	0	757	151	5	11	3	195	289	909	510	291	21	173	266	866	29	2007	1198	3997	601	1468	6675	1129	9370	8998	5506	30353	17	51081	32357	277414	0	0	0
LFQ	13	0	0	0	0	0	4	1	16	208	3	795	154	6	15	3	204	266	969	488	283	14	137	279	738	35	2053	1094	3897	514	1406	6810	1200	9052	9006	5622	30348	21	51628	31582	278022	0	0	0
LFQ	14	0	0	0	0	0	6	3	13	227	5	832	182	10	19	2	58	359	971	455	310	17	166	274	407	521	2126	1068	3852	518	1484	3324	4520	6684	9269	6186	5653	18947	14335	42691	27624	87129	196626	0
LFQ	15	0	0	0	0	0	3	3	8	238	12	847	210	9	14	4	53	360	949	460	348	15	181	280	414	529	2198	1005	3927	500	1458	3361	4546	6483	9777	5992	6053	19034	14269	43269	26884	86671	196509	0
LFQ	16	0	0	0	0	0	4	2	23	260	9	761	177	5	13	10	75	387	919	473	360	26	202	276	474	547	2151	1111	3890	539	1553	3498	4774	6554	9656	5991	6228	19031	14312	43408	26542	87540	195092	0
LFQ	17	0	0	0	0	0	6	7	21	239	16	771	170	13	12	3	94	434	945	514	331	18	213	334	510	604	2138	1117	3773	572	1558	3638	4813	6738	9970	6172	6300	19162	14551	44311	26576	87667	192562	0
LFQ	18	0	0	0	0	0	1	12	18	285	24	826	183	8	17	5	101	412	946	556	327	33	223	287	542	718	2237	1187	3874	575	1680	3846	4894	6731	9957	6216	6663	19346	14619	44930	27041	88334	189219	0
LFQ	19	0	0	0	0	0	4	12	20	264	30	737	139	11	20	16	104	372	133	1372	338	31	252	296	566	749	2105	1183	3954	557	1668	3959	4711	6681	6595	9972	6965	16593	15596	39254	31908	89839	189867	0
LFQ	20	0	0	0	0	0	6	13	22	272	46	779	162	8	14	19	130	405	149	1279	365	39	250	296	567	852	1998	1202	3842	577	1665	4037	4687	6731	6650	9926	7301	16802	15793	39545	32890	89551	188003	0
LFQ	21	0	0	0	0	0	7	19	34	301	63	730	158	18	22	15	135	421	198	1269	394	41	236	324	557	906	2107	1196	3796	571	1755	4209	4744	6618	6770	10065	7555	16741	15784	39899	33782	89451	185982	0
LFQ	22	0	0	0	0	0	6	14	34	311	89	812	160	21	19	15	173	419	233	1188	394	57	299	295	681	1077	2001	1244	3761	605	1719	4414	4888	6637	7027	10305	7864	16982	16015	40265	33778	89396	183675	0
LFQ	23	0	0	0	0	0	9	16	33	374	130	772	149	27	22	23	221	500	306	1081	374	64	350	297	728	1114	2050	1255	3679	620	1814	4649	4878	6325	7101	10271	8343	16735	16092	40828	34540	89254	181849	0
LFQ	24	0	0	0	0	0	7	26	37	418	168	704	144	22	22	25	206	521	342	1033	412	61	331	307	767	1273	1912	1307	3821	695	1812	4844	5011	6300	7179	10199	9031	17021	16029	41256	33600	88299	181731	0
LFQ	25	0	0	0	0	0	12	34	67	406	182	622	107	32	34	40	249	530	386	959	449	70	403	353	834	1399	1835	1308	3411	723	1876	5259	4922	6163	7426	10221	9300	16763	16324	41992	33694	87999	180489	0
LFQ	26	0	0	0	0	0	10	58	67	470	265	687	101	37	30	33	300	557	369	897	448	97	420	334	857	1598	1772	1387	3455	750	1890	5455	5003	6029	7501	9946	10028	16879	16260	42566	33138	88763	178416	0
LFQ	27	0	0	0	0	0	11	63	72	523	342	590	83	49	31	41	353	619	389	833	434	110	488	361	872	1735	1766	1497	3328	782	1899	5726	5097	5818	7944	10206	10606	16782	16384	42951	32671	90320	175097	0
LFQ	28	0	0	0	0	0	8	56	73	587	391	532	82	39	43	57	402	613	411	775	477	137	483	386	872	1882	1804	1492	3165	836	2006	6007	5246	5826	8195	10406	11153	16849	16524	43685	32678	91406	171289	0
LFQ	29	0	0	0	0	0	18	76	79	599	474	437	53	54	39	73	470	697	391	715	494	126	552	395	955	2058	1899	1563	3032	891	2004	6301	5297	5722	8559	10273	11937	16835	16573	44636	32316	91898	168382	0
LFQ	30	0	0	0	0	0	13	69	116	683	534	457	39	62	73	91	483	780	351	692	503	150	603	408	995	2132	1957	1635	2944	954	2069	6546	5472	5519	8846	10058	12773	16428	16643	45110	32428	92041	166216	0
LFQ	31	0	0	0	0	0	23	80	149	686	628	335	36	68	81	95	540	788	312	730	487	164	635	450	1082	2227	2040	1697	2875	1046	2191	7003	5655	5383	9178	10071	13710	16476	16789	45992	31617	93046	162508	0
LFQ	32	0	0	0	0	0	16	104	178	763	664	254	16	76	81	98	620	779	260	727	512	179	726	511	1086	2287	2031	1789	2815	1161	2226	7196	5563	5185	9521	9946	14516	16314	17291	46567	31745	92206	160864	0
LFQ	33	0	0	0	0	0	23	125	198	796	854	196	30	99	116	132	674	834	276	712	500	236	774	537	1109	2305	2129	1852	2683	1342	2206	7468	5827	5219	9815	9947	15476	16192	17457	47217	31199	92432	157886	0
LFQ	34	0	0	0	0	0	27	148	200	813	852	125	27	112	89	138	726	778	209	758	537	254	833	596	1154	2334	2190	2016	2715	1288	2291	7629	6033	5141	10396	10244	16085	15930	17682	47743	31096	92281	155403	0
LFQ	35	0	0	1	0	0	34	153	286	792	907	103	31	117	137	163	764	802	184	794	581	290	813	571	1157	2402	2090	2048	2709	1528	2467	7908	6122	5081	10901	10314	17135	15603	18158	48506	30855	91676	152690	0
LFQ	36	0	0	4	0	0	42	160	286	800	952	54	52	118	146	175	827	748	183	824	580	332	859	662	1260	2605	2102	2159	2710	1618	2467	7717	6220	5381	11347	10144	18168	15390	18635	48856	30822	91999	149469	0
LFQ	37	0	0	5	0	0	52	198	351	789	894	41	60	146	166	207	807	683	199	879	609	328	949	721	1300	2557	2072	2350	2756	1790	2642	7993	6515	5367	11770	10230	18899	15406	19088	48505	31240	91674	146635	0
LFQ	38	0	0	6	0	0	46	223	354	793	957	32	61	169	205	223	851	637	208	859	632	362	980	766	1420	2639	1873	2496	2755	2019	2636	7950	6622	5682	12264	10400	19967	15324	19395	48997	31327	91520	143223	0
LFQ	39	0	0	7	0	0	39	260	423	815	939	26	67	165	216	250	904	614	229	952	674	365	895	770	1741	2723	1809	2577	2769	2223	2803	7979	6889	5878	12837	10434	20637	15326	19545	47562	32892	90985	140654	0
LFQ	40	0	0	9	0	0	60	251	430	821	931	27	74	190	251	297	916	524	242	873	622	475	910	895	1834	2755	1794	2722	2781	2273	2867	7820	6894	5902	13213	10897	21705	15438	20262	47636	33035	90489	137758	0
LFQ	41	0	0	14	0	0	79	259	527	817	932	37	70	218	294	313	944	454	274	956	655	522	971	870	1900	2708	1679	2836	2808	2549	3077	7761	7212	6237	13673	10912	22186	15754	20406	47904	33133	89985	134947	0
LFQ	42	0	0	16	0	0	38	156	348	578	667	42	72	167	247	269	841	364	221	706	478	498	772	833	1761	2334	1458	2662	2311	2602	2536	7288	6508	5572	13202	10170	23362	13992	21386	41491	38271	85880	146774	0
LFQ	43	0	0	22	0	0	49	170	377	503	636	34	59	181	259	276	667	329	202	691	487	493	770	830	1681	2232	1229	2545	2227	2588	2555	6846	6386	5674	12992	10148	24661	13882	20637	40321	34919	83721	154594	0
LFQ	44	0	0	27	0	0	43	193	407	509	593	33	78	174	282	256	727	263	224	733	482	509	823	861	1753	2167	1119	2715	2323	2614	2692	6448	6450	5604	12963	10201	25717	14403	20886	38843	33667	81122	157969	0
LFQ	45	0	0	33	0	0	47	203	424	579	544	36	74	183	308	279	655	224	249	660	467	775	591	903	1992	2114	1185	2710	2338	2832	2787	6252	6586	5913	13078	10512	27123	15033	21255	38119	33239	79798	156773	0
LFQ	46	0	0	40	0	0	50	192	456	570	536	40	75	203	317	291	668	192	253	632	520	836	584	898	2099	2128	1090	2854	2380	3049	2828	6089	6691	6060	13259	11388	28419	15667	21379	37718	33450	78791	154181	0
LFQ	47	0	0	47	0	0	51	222	509	570	486	27	98	202	362	299	635	164	288	721	534	947	656	1014	2157	2113	903	2980	2341	3290	2990	6021	6875	6356	13555	11717	29813	16026	22616	37022	33983	77202	151081	0
LFQ	48	0	0	56	0	0	50	230	515	587	488	46	108	217	422	327	612	141	307	751	489	945	599	1126	2366	2111	983	3199	2351	3482	3142	6010	7210	6619	13840	12519	31206	16828	23083	36355	34707	75968	146878	0
LFQ	49	0	0	60	0	0	52	219	563	562	423	45	104	238	421	297	557	118	314	725	552	1107	636	1146	2042	2314	774	3307	2559	3592	3213	6017	7369	6811	14365	13292	32791	17473	23936	32794	38117	74530	143438	0
LFQ	50	0	0	75	0	0	85	251	584	608	422	47	129	238	454	334	525	137	292	739	517	1158	617	1160	2164	2436	796	3396	2577	3999	3462	5891	7788	6972	14409	14075	34601	18309	24882	32287	38657	72310	139490	0
LFQ	51	0	0	91	0	0	74	268	551	649	403	44	145	246	495	341	535	144	335	829	502	1268	664	1214	2257	2263	712	3580	2683	4137	3578	5919	7705	7208	14664	14839	36637	19127	25434	31759	39658	70548	135160	0
LFQ	52	0	0	102	0	0	81	243	595	635	364	56	130	250	511	380	428	132	309	802	515	1392	676	1326	2260	2251	711	3823	2692	4358	3674	5911	8105	7500	14876	15454	38958	19346	26487	31277	39966	68963	130863	0
LFQ	53	0	0	121	0	0	81	254	649	597	310	55	142	274	551	338	461	164	317	885	489	1357	651	1388	2473	2273	700	3838	2701	4498	3834	5812	8477	7840	15039	16410	41226	20012	27390	30039	40444	67094	126942	0
LFQ	54	0	0	133	0	0	116	261	687	657	284	67	135	273	514	353	424	154	365	934	482	1491	690	1428	2392	2203	689	3957	2841	4557	4109	5853	8581	8083	15559	17412	43654	20914	28277	29247	40965	64586	122473	0
LFQ	55	0	0	144	0	0	118	269	732	717	239	78	151	206	579	403	417	130	392	1002	471	1490	742	1445	2443	1590	1339	4168	2639	4750	4222	5961	8983	8299	15783	18573	46315	21792	28425	29224	40835	62636	117707	0
LFQ	56	0	0	154	0	0	126	241	799	723	210	97	186	219	536	399	438	120	386	1085	453	1535	845	1603	2430	1481	1444	4231	2692	4889	4488	6111	9242	8546	16198	19535	48982	22841	29121	28368	41476	60407	112298	0
LFQ	57	0	0	169	0	0	143	270	845	733	190	107	210	276	556	377	439	136	429	1108	445	1622	834	1594	2583	1480	1468	4476	2753	4902	4737	6095	9365	8654	16511	20344	52538	23799	29674	27567	41757	57747	107544	0
LFQ	58	0	0	186	0	0	140	284	840	845	182	128	198	278	612	421	416	139	465	1112	465	1748	881	1668	2580	1475	1625	4617	2783	5009	5083	6291	9754	9236	16798	21686	55512	24520	30418	26790	42154	54984	101670	0
LFQ	59	0	0	203	0	0	139	326	947	890	166	126	259	286	634	345	424	135	470	1321	416	1593	792	2151	2142	1261	1487	5790	2855	5295	5136	6569	10041	9341	17040	22330	58906	25509	31290	25568	42461	52354	96543	0
LFQ	60	0	0	216	0	0	175	278	959	813	103	149	277	300	717	310	450	121	473	1369	374	1694	767	2355	2127	1346	1529	5844	2872	5226	5256	6603	10358	9487	17597	23599	62484	26310	32054	24406	42718	50148	91162	0
LFQ	61	0	0	235	0	0	190	249	997	849	76	151	272	276	679	312	449	154	490	1460	388	1806	776	2394	2208	1276	1682	6037	3037	5296	5453	6844	10657	9819	18142	24647	66111	26938	32778	23960	42775	47343	85290	0
LFQ	62	0	0	319	0	0	181	247	1086	849	58	156	255	286	724	301	448	118	515	1500	400	1877	793	2429	2093	1314	1704	6197	3199	5385	5761	6972	10960	10342	18696	25750	69697	27924	33402	22623	42462	44749	80156	0
LFQ	63	0	0	424	0	0	216	250	1049	820	44	178	273	283	671	259	430	124	500	1552	341	1898	780	2521	2101	1221	1781	6444	3256	5152	6033	7213	11105	10162	19568	27084	73781	28863	34100	21378	42313	41971	75196	0
LFQ	64	0	0	538	0	0	222	222	1085	876	26	202	287	265	681	247	483	134	593	1629	318	2023	805	2501	2138	1226	1982	6588	3296	5206	6136	7525	11452	10558	19675	28000	78210	29587	34640	20308	42396	39118	69602	0
LFQ	65	0	0	686	0	0	242	242	1169	778	34	192	306	272	624	252	467	206	557	1407	701	2021	817	2216	2425	1309	2087	6419	2492	5137	7469	7801	11666	11034	20268	29124	82477	30036	34948	19087	42110	36557	64453	0
LFQ	66	0	0	865	0	0	219	245	1229	780	21	210	287	284	625	234	461	195	587	1354	658	2126	779	2203	2440	1378	2162	6718	2527	4918	7689	8128	11699	11337	20898	30630	86316	30783	35492	18084	41762	34055	58956	0
LFQ	67	0	0	1070	0	0	260	224	1208	721	14	229	291	308	587	209	494	200	595	1365	644	2165	818	2213	2568	1383	2232	6726	2786	4668	7915	8272	12148	11450	21607	31516	91001	31527	35794	16917	41348	31308	53807	0
LFQ	68	0	0	1276	0	0	218	144	995	652	4	240	265	283	556	155	475	188	538	1238	677	2118	768	2052	2489	1257	2228	6458	2538	4403	7931	8427	11794	11482	21433	31549	97911	32334	36588	14494	42744	27149	51801	0
LFQ	69	0	0	2399	0	0	215	206	1194	731	4	262	276	294	586	185	529	204	600	1347	691	2196	758	2249	2568	1327	2314	6551	2661	4473	8242	8349	11622	11562	21874	31723	103151	33199	36396	13324	40967	24028	47763	0
LFQ	70	0	0	1914	0	0	243	181	1259	666	5	404	635	565	617	182	539	166	614	1294	668	2358	761	1506	1913	2535	2502	6696	2628	4263	8244	8721	11789	11508	21822	32525	108875	33684	36919	11847	39916	21392	43826	0
LFQ	71	0	0	2153	0	0	249	183	1207	635	1	410	674	498	576	156	541	175	680	1420	670	2506	784	1407	1977	2728	2466	6676	2636	3981	8553	8966	11536	11786	22425	33021	114267	34079	36874	10805	38963	19025	39639	0
LFQ	72	0	0	2405	0	0	257	174	1216	607	1	347	434	360	526	147	556	185	696	1420	705	2740	738	1308	1965	2748	2473	6916	2731	3881	8756	8960	11764	12044	23035	34394	119052	34508	36847	9556	37597	16923	35485	0
LFQ	73	0	0	2734	0	0	287	152	1298	596	1	340	348	309	487	102	572	181	679	1410	636	2684	667	1299	2055	2823	2645	6949	2886	3658	8848	9322	12132	12089	23451	34932	124012	34945	36801	8929	36401	14542	31323	0
LFQ	74	0	0	3089	0	0	286	147	1361	540	1	364	347	326	472	113	640	222	727	1484	738	2617	728	1234	2049	2909	2786	6746	2944	3546	9193	9407	12225	12369	24185	36410	127959	35492	36345	7857	34931	13111	26676	0
LFQ	75	0	0	3463	0	0	331	156	1290	541	0	340	336	280	419	90	684	204	779	1476	763	2751	699	1158	2043	3030	2916	5197	4365	3354	9408	9707	12254	12178	24547	37172	133064	36094	35984	7099	33469	11013	22919	0
LFQ	76	0	0	3821	0	0	334	139	1250	474	0	369	324	307	398	112	663	193	776	1456	778	2728	634	1141	2140	3036	3072	5061	4618	3108	9644	9762	12284	12306	24498	38086	138281	36399	35285	6160	31980	9492	19378	0
LFQ	77	0	0	4234	0	0	337	123	1377	435	1	419	291	335	375	92	680	208	775	1496	801	2708	605	1007	2145	3130	3162	5146	4745	2948	9688	9778	12482	12649	25178	39058	142564	36358	34863	5429	29937	7718	16116	0
LFQ	78	0	0	4643	0	0	349	113	1522	437	0	399	313	335	355	94	693	219	800	1630	838	2872	615	995	2190	3291	3200	4937	4776	2795	10106	9942	12426	12652	25847	40451	146119	36463	33794	4692	27734	6386	13230	0
LFQ	79	0	0	5080	0	0	339	131	1582	483	0	504	363	359	353	92	753	200	807	1604	853	3077	588	951	2172	3295	3487	4791	4993	2721	10059	9899	12470	13127	25905	41020	150604	36071	33023	4131	25420	5030	10714	0
LFQ	80	0	0	5574	0	0	337	102	1481	415	0	478	363	321	353	92	754	219	829	1602	918	3041	597	855	2274	3364	3598	4835	5251	2462	10456	9960	12586	12783	26386	42164	154035	36208	31966	3456	23121	4103	8427	0
LFQ	81	0	0	6045	0	0	324	85	1509	378	1	503	283	346	284	71	800	201	856	1554	928	2944	541	820	2252	3412	3742	4462	5417	2213	10538	9959	12654	13232	26801	42799	158959	35699	30555	3024	20689	3105	6570	0
LFQ	82	0	0	6549	0	0	338	89	1395	321	1	501	288	335	254	59	753	221	881	1613	964	3019	505	697	2403	3523	3683	4327	5477	2084	10547	10040	12700	13247	26869	43647	162812	35839	29402	2472	18159	2437	4832	0
LFQ	83	0	0	7051	0	0	345	61	1409	327	0	514	293	331	238	64	776	204	874	1560	1039	2921	468	665	2347	3560	3947	4178	5639	1956	10444	10071	12847	13275	27358	44459	166404	35476	27649	2022	15854	1789	3561	0
LFQ	84	0	0	7625	0	0	328	67	1496	298	0	488	275	357	155	59	782	210	889	1619	1102	2996	446	587	2439	3644	4097	3889	5717	1846	10621	9964	12705	13320	27717	45527	169511	35084	25841	1663	13643	1250	2477	0
LFQ	85	0	0	8173	0	0	370	56	1365	285	0	514	251	328	186	48	817	204	895	1623	1046	2918	418	516	2458	3552	4192	3750	5808	1727	10876	9982	12989	13287	27547	46136	172888	34707	24148	1221	11444	915	1684	0
LFQ	86	0	0	8787	0	0	363	55	1516	253	0	547	226	298	171	42	791	212	954	1680	1139	2961	400	462	2360	3760	4102	3639	6003	1464	10867	9959	13296	13528	27951	46658	175556	33884	21926	1055	9345	621	1114	0
LFQ	87	0	0	9466	0	0	330	48	1484	236	0	534	255	329	118	49	817	228	867	1626	1106	2884	376	426	2431	3760	4248	3434	6034	1402	11098	9759	13084	13494	28361	47126	178432	33316	19949	787	7483	376	738	0
LFQ	88	0	0	10114	0	0	301	41	1414	230	0	533	220	340	115	41	822	237	954	1741	1251	2832	326	374	2430	3820	4312	3270	6081	1287	11019	9662	13143	13865	28073	47736	180967	32439	17765	647	5807	267	460	0
LFQ	89	0	0	10821	0	0	376	50	1474	198	0	558	204	357	97	35	811	225	880	1670	1227	2921	305	347	2464	3735	4506	3202	6258	1235	11161	9842	12937	13525	28310	48313	182760	31584	15572	492	4376	164	307	0
LFQ	90	0	0	11611	0	0	331	36	1358	204	0	548	189	284	67	30	863	229	876	1596	1192	2905	269	320	2412	3815	4594	2957	6346	1089	11003	9673	13058	13717	28221	48358	185342	30703	13468	344	3275	107	202	0
LFQ	91	0	0	12402	0	0	282	39	1269	197	0	526	156	317	71	26	819	203	893	1564	1230	2804	245	250	2535	3889	4665	2616	6381	997	10909	9851	13015	13760	27984	48973	187186	29559	11501	240	2295	64	149	0
LFQ	92	0	0	13316	0	0	280	21	1260	168	0	512	177	318	59	26	796	227	880	1633	1275	2765	227	225	2450	3752	4614	2502	6508	973	11045	9704	12958	13894	28221	49247	188109	28370	9753	155	1527	60	92	0
LFQ	93	0	0	14288	0	0	297	20	1182	150	0	488	148	266	36	28	746	242	928	1600	1211	2580	193	208	2588	3852	4642	2302	6360	896	11072	9475	13026	14028	28186	49482	189507	26887	8195	110	987	34	77	0
LFQ	94	0	0	15320	0	0	228	15	1075	136	0	478	116	271	43	17	742	217	898	1535	1192	2568	151	201	2578	3704	4760	2056	6517	881	10646	9435	12997	13902	28268	49389	190917	25520	6695	74	623	21	66	0
LFQ	95	0	0	16611	0	0	231	9	996	131	0	446	125	27	217	15	763	204	844	1566	1273	2325	118	198	2513	3739	4761	1892	6405	791	10680	9689	12783	13761	27925	49534	191518	24321	5494	41	394	25	44	0
LFQ	96	0	0	17945	0	0	195	10	896	104	0	362	99	17	224	10	695	196	781	1485	1310	2233	108	174	2448	3621	4899	1769	6431	706	10934	9627	12696	13592	28038	49584	191468	23053	4329	33	271	17	33	0
LFQ	97	0	0	19549	0	0	158	7	789	74	0	326	74	18	171	15	660	234	773	1447	1313	2205	73	163	2378	3576	4791	1557	6376	712	10543	9476	12730	13705	28262	49848	190478	21772	3411	22	194	15	22	0
LFQ	98	0	0	21363	0	0	114	5	506	49	0	262	47	18	136	6	573	200	742	1378	1188	2014	63	168	2422	3443	4724	1446	6433	654	10676	9363	12426	13826	28185	49745	190336	20591	2660	16	121	12	23	0
LFQ	99	0	0	23257	0	0	36	2	245	32	0	115	16	6	77	5	568	195	668	1354	1097	1928	55	148	2323	3458	4471	1284	6295	596	10428	9563	12590	13769	28079	50026	189284	19702	2159	12	95	11	18	0
LFQ	100	0	0	25474	0	0	0	0	4	0	0	2	0	0	10	0	577	223	713	1468	1167	1938	58	184	2219	3460	4659	1180	6473	551	10422	9327	13026	13618	27761	50300	187011	18221	1730	9	74	10	9	0
LFQ	101	0	0	27299	0	0	0	0	0	0	0	0	0	0	0	0	881	375	1068	2486	1727	2641	65	227	3006	4509	6193	1298	7559	530	12410	10643	15218	15879	29578	57689	162550	14669	1152	11	42	7	5	0
# GC Content of first fragments. Use `grep ^GCF | cut -f 2-` to extract this part.
GCF	1.76	0
GCF	4.02	1
GCF	5.03	0
GCF	6.03	1
GCF	7.04	0
GCF	8.04	3
GCF	9.05	4
GCF	10.55	1
GCF	12.56	3
GCF	14.07	4
GCF	15.08	9
GCF	16.08	26
GCF	16.83	36
GCF	17.34	37
GCF	17.84	71
GCF	18.34	72
GCF	18.84	120
GCF	19.35	119
GCF	19.85	180
GCF	20.35	181
GCF	20.85	288
GCF	21.36	289
GCF	21.86	431
GCF	22.36	430
GCF	22.86	616
GCF	23.37	624
GCF	23.87	869
GCF	24.37	880
GCF	24.87	1198
GCF	25.38	1200
GCF	25.88	1603
GCF	26.38	1614
GCF	26.88	2118
GCF	27.39	2131
GCF	27.89	2425
GCF	28.39	2447
GCF	28.89	2972
GCF	29.40	2970
GCF	29.90	3647
GCF	30.40	3671
GCF	30.90	4111
GCF	31.41	4117
GCF	31.91	4582
GCF	32.41	4639
GCF	32.91	5168
GCF	33.42	5408
GCF	33.92	5401
GCF	34.42	5878
GCF	34.92	5943
GCF	35.43	6583
GCF	35.93	6655
GCF	36.43	7123
GCF	36.93	7156
GCF	37.44	7366
GCF	37.94	7391
GCF	38.44	7892
GCF	38.94	7943
GCF	39.45	8428
GCF	39.95	8487
GCF	40.45	8773
GCF	40.95	8797
GCF	41.46	8845
GCF	41.96	8859
GCF	42.46	9076
GCF	42.96	9128
GCF	43.47	8854
GCF	43.97	8840
GCF	44.47	9746
GCF	44.97	9861
GCF	45.48	10103
GCF	45.98	10087
GCF	46.48	10733
GCF	46.98	10813
GCF	47.49	10737
GCF	47.99	10744
GCF	48.49	10922
GCF	48.99	10937
GCF	49.50	11239
GCF	50.00	11264
GCF	50.50	11284
GCF	51.01	11428
GCF	51.51	11401
GCF	52.01	11412
GCF	52.51	12044
GCF	53.02	12163
GCF	53.52	12368
GCF	54.02	12462
GCF	54.52	12823
GCF	55.03	12806
GCF	55.53	13179
GCF	56.03	13277
GCF	56.53	14031
GCF	57.04	14241
GCF	57.54	15381
GCF	58.04	15578
GCF	58.54	16617
GCF	59.05	16727
GCF	59.55	17235
GCF	60.05	17193
GCF	60.55	17089
GCF	61.06	17223
GCF	61.56	17070
GCF	62.06	17039
GCF	62.56	16026
GCF	63.07	15850
GCF	63.57	14491
GCF	64.07	14288
GCF	64.57	13034
GCF	65.08	12826
GCF	65.58	11055
GCF	66.08	10744
GCF	66.58	9124
GCF	67.09	7890
GCF	67.59	7726
GCF	68.09	6710
GCF	68.59	6613
GCF	69.10	5616
GCF	69.60	5525
GCF	70.10	4736
GCF	70.60	4578
GCF	71.11	3592
GCF	71.61	3513
GCF	72.11	2780
GCF	72.61	2727
GCF	73.12	2153
GCF	73.62	2045
GCF	74.12	1552
GCF	74.62	1510
GCF	75.13	1186
GCF	75.63	1180
GCF	76.13	894
GCF	76.63	873
GCF	77.14	754
GCF	77.64	738
GCF	78.14	577
GCF	78.64	571
GCF	79.15	372
GCF	79.65	337
GCF	80.15	217
GCF	80.65	203
GCF	81.16	130
GCF	81.66	119
GCF	82.16	84
GCF	82.66	77
GCF	83.17	44
GCF	83.67	46
GCF	84.17	28
GCF	84.67	27
GCF	85.18	20
GCF	85.68	15
GCF	86.18	7
GCF	86.68	6
GCF	87.19	4
GCF	87.69	2
GCF	88.44	0
GCF	89.70	1
# GC Content of last fragments. Use `grep ^GCL | cut -f 2-` to extract this part.
GCL	1.26	0
GCL	3.02	1
GCL	5.53	0
GCL	8.04	2
GCL	9.05	3
GCL	10.05	0
GCL	12.06	3
GCL	14.07	10
GCL	15.08	7
GCL	16.08	19
GCL	16.83	28
GCL	17.34	29
GCL	17.84	69
GCL	18.34	71
GCL	18.84	148
GCL	19.35	146
GCL	19.85	151
GCL	20.35	152
GCL	20.85	281
GCL	21.36	282
GCL	21.86	385
GCL	22.36	384
GCL	22.86	594
GCL	23.37	602
GCL	23.87	867
GCL	24.37	883
GCL	24.87	1172
GCL	25.38	1171
GCL	25.88	1577
GCL	26.38	1586
GCL	26.88	2051
GCL	27.39	2061
GCL	27.89	2332
GCL	28.39	2359
GCL	28.89	2929
GCL	29.40	2921
GCL	29.90	3538
GCL	30.40	3562
GCL	30.90	3874
GCL	31.41	3899
GCL	31.91	4503
GCL	32.41	4550
GCL	32.91	4970
GCL	33.42	5353
GCL	33.92	5352
GCL	34.42	5912
GCL	34.92	5976
GCL	35.43	6591
GCL	35.93	6670
GCL	36.43	6974
GCL	36.93	6987
GCL	37.44	7324
GCL	37.94	7360
GCL	38.44	7962
GCL	38.94	8018
GCL	39.45	8398
GCL	39.95	8417
GCL	40.45	8857
GCL	40.95	8908
GCL	41.46	8915
GCL	41.96	8918
GCL	42.46	8954
GCL	42.96	9004
GCL	43.47	9089
GCL	43.97	9093
GCL	44.47	9608
GCL	44.97	9728
GCL	45.48	10033
GCL	45.98	10026
GCL	46.48	10706
GCL	46.98	10771
GCL	47.49	10783
GCL	47.99	10816
GCL	48.49	10924
GCL	48.99	10938
GCL	49.50	11285
GCL	50.00	11322
GCL	50.50	11313
GCL	51.01	11438
GCL	51.51	11514
GCL	52.01	11523
GCL	52.51	12045
GCL	53.02	12171
GCL	53.52	12468
GCL	54.02	12586
GCL	54.52	12889
GCL	55.03	12880
GCL	55.53	13093
GCL	56.03	13196
GCL	56.53	14025
GCL	57.04	14240
GCL	57.54	15366
GCL	58.04	15532
GCL	58.54	16433
GCL	59.05	16533
GCL	59.55	16851
GCL	60.05	16833
GCL	60.55	17057
GCL	61.06	17162
GCL	61.56	17039
GCL	62.06	17027
GCL	62.56	16045
GCL	63.07	15872
GCL	63.57	14743
GCL	64.07	14538
GCL	64.57	12984
GCL	65.08	12779
GCL	65.58	11152
GCL	66.08	10820
GCL	66.58	9249
GCL	67.09	8064
GCL	67.59	7902
GCL	68.09	6751
GCL	68.59	6640
GCL	69.10	5729
GCL	69.60	5664
GCL	70.10	4825
GCL	70.60	4657
GCL	71.11	3792
GCL	71.61	3720
GCL	72.11	2926
GCL	72.61	2874
GCL	73.12	2214
GCL	73.62	2118
GCL	74.12	1500
GCL	74.62	1461
GCL	75.13	1193
GCL	75.63	1181
GCL	76.13	950
GCL	76.63	930
GCL	77.14	751
GCL	77.64	737
GCL	78.14	570
GCL	78.64	561
GCL	79.15	379
GCL	79.65	357
GCL	80.15	236
GCL	80.65	225
GCL	81.16	150
GCL	81.66	136
GCL	82.16	86
GCL	82.66	76
GCL	83.17	48
GCL	83.67	52
GCL	84.17	37
GCL	84.67	36
GCL	85.18	21
GCL	85.68	16
GCL	86.18	6
GCL	86.68	5
GCL	87.19	2
GCL	87.94	1
GCL	88.69	0
GCL	89.45	2
GCL	90.20	1
# ACGT content per cycle. Use `grep ^GCC | cut -f 2-` to extract this part. The columns are: cycle; A,C,G,T base counts as a percentage of all A/C/G/T bases [%]; and N and O counts as a percentage of all A/C/G/T bases [%]
GCC	1	12.65	37.00	37.46	12.89	0.04	0.00
GCC	2	24.90	25.22	25.10	24.77	0.01	0.00
GCC	3	22.15	27.80	27.76	22.28	0.01	0.00
GCC	4	22.27	27.57	27.74	22.42	0.01	0.00
GCC	5	32.22	17.66	17.52	32.60	0.00	0.00
GCC	6	22.36	27.43	27.62	22.59	0.00	0.00
GCC	7	22.12	27.80	27.83	22.25	0.00	0.00
GCC	8	24.07	26.01	26.02	23.90	0.00	0.00
GCC	9	14.70	35.07	35.40	14.83	0.00	0.00
GCC	10	28.86	20.91	20.97	29.26	0.00	0.00
GCC	11	20.21	29.79	29.74	20.26	0.00	0.00
GCC	12	24.69	25.29	25.34	24.68	0.00	0.00
GCC	13	20.64	29.43	29.31	20.62	0.00	0.00
GCC	14	20.68	29.17	29.33	20.83	0.00	0.00
GCC	15	23.28	26.71	26.58	23.44	0.00	0.00
GCC	16	23.62	26.14	26.32	23.92	0.00	0.00
GCC	17	24.39	25.48	25.47	24.66	0.00	0.00
GCC	18	24.41	25.46	25.62	24.50	0.00	0.00
GCC	19	24.10	25.79	25.83	24.28	0.00	0.00
GCC	20	24.09	25.80	26.00	24.11	0.00	0.00
GCC	21	23.86	26.06	26.03	24.06	0.00	0.00
GCC	22	23.99	25.91	26.02	24.08	0.00	0.00
GCC	23	23.99	25.98	26.11	23.92	0.00	0.00
GCC	24	24.02	25.91	26.08	23.98	0.00	0.00
GCC	25	23.81	26.10	26.22	23.87	0.00	0.00
GCC	26	24.02	25.79	26.01	24.17	0.00	0.00
GCC	27	24.05	26.01	25.96	23.98	0.00	0.00
GCC	28	24.01	25.92	25.99	24.07	0.00	0.00
GCC	29	24.18	25.80	25.81	24.21	0.00	0.00
GCC	30	24.02	25.83	25.98	24.17	0.00	0.00
GCC	31	24.21	25.74	25.91	24.15	0.00	0.00
GCC	32	24.13	25.78	25.79	24.30	0.00	0.00
GCC	33	23.99	25.91	25.93	24.17	0.00	0.00
GCC	34	24.17	25.94	25.83	24.07	0.00	0.00
GCC	35	24.12	25.99	25.75	24.14	0.00	0.00
GCC	36	24.15	25.80	25.89	24.16	0.00	0.00
GCC	37	24.19	25.83	25.93	24.06	0.00	0.00
GCC	38	24.27	25.72	25.74	24.27	0.00	0.00
GCC	39	24.33	25.67	25.73	24.27	0.00	0.00
GCC	40	24.16	25.74	25.81	24.30	0.00	0.00
GCC	41	24.41	25.70	25.64	24.25	0.00	0.00
GCC	42	24.29	25.77	25.78	24.16	0.00	0.00
GCC	43	24.28	25.88	25.73	24.10	0.00	0.00
GCC	44	24.32	25.70	25.76	24.22	0.00	0.00
GCC	45	24.07	25.78	25.98	24.17	0.00	0.00
GCC	46	24.40	25.70	25.80	24.10	0.00	0.00
GCC	47	24.26	25.66	25.69	24.39	0.00	0.00
GCC	48	24.34	25.89	25.66	24.11	0.00	0.00
GCC	49	24.35	25.68	25.82	24.15	0.00	0.00
GCC	50	24.40	25.61	25.71	24.28	0.00	0.00
GCC	51	24.24	25.71	25.79	24.26	0.00	0.00
GCC	52	24.20	25.77	25.81	24.22	0.00	0.00
GCC	53	24.28	25.70	25.66	24.36	0.00	0.00
GCC	54	24.17	25.82	25.77	24.24	0.00	0.00
GCC	55	24.16	25.85	25.92	24.07	0.00	0.00
GCC	56	24.24	25.76	25.84	24.17	0.00	0.00
GCC	57	24.33	25.80	25.74	24.13	0.00	0.00
GCC	58	24.34	25.67	25.73	24.26	0.00	0.00
GCC	59	24.31	25.77	25.58	24.34	0.00	0.00
GCC	60	24.33	25.80	25.74	24.13	0.00	0.00
GCC	61	24.12	25.67	25.84	24.37	0.00	0.00
GCC	62	24.17	25.72	25.76	24.36	0.00	0.00
GCC	63	24.31	25.76	25.76	24.17	0.00	0.00
GCC	64	24.22	25.72	25.81	24.24	0.00	0.00
GCC	65	24.42	25.64	25.74	24.21	0.00	0.00
GCC	66	24.16	25.86	25.73	24.25	0.00	0.00
GCC	67	24.27	25.84	25.70	24.19	0.00	0.00
GCC	68	24.38	25.65	25.66	24.30	0.00	0.00
GCC	69	24.28	25.59	25.90	24.23	0.11	0.00
GCC	70	24.25	25.77	25.81	24.17	0.01	0.00
GCC	71	24.06	25.79	25.80	24.34	0.00	0.00
GCC	72	24.32	25.83	25.72	24.13	0.00	0.00
GCC	73	24.31	25.76	25.66	24.26	0.00	0.00
GCC	74	24.09	25.74	25.88	24.29	0.00	0.00
GCC	75	24.28	25.74	25.93	24.05	0.00	0.00
GCC	76	24.26	25.76	25.82	24.16	0.00	0.00
GCC	77	24.47	25.62	25.64	24.26	0.00	0.00
GCC	78	24.22	25.88	25.77	24.13	0.00	0.00
GCC	79	24.08	25.84	25.79	24.28	0.00	0.00
GCC	80	24.21	25.58	25.79	24.42	0.00	0.00
GCC	81	24.24	25.72	25.81	24.23	0.00	0.00
GCC	82	24.26	25.57	25.77	24.40	0.00	0.00
GCC	83	24.34	25.57	25.86	24.23	0.00	0.00
GCC	84	24.20	25.66	25.90	24.25	0.00	0.00
GCC	85	24.15	25.78	25.74	24.33	0.00	0.00
GCC	86	24.25	25.73	25.71	24.32	0.00	0.00
GCC	87	24.23	25.66	25.78	24.34	0.00	0.00
GCC	88	24.27	25.75	25.65	24.34	0.00	0.00
GCC	89	24.27	25.69	25.72	24.31	0.00	0.00
GCC	90	24.21	25.65	25.81	24.34	0.00	0.00
GCC	91	24.29	25.68	25.73	24.30	0.00	0.00
GCC	92	24.36	25.82	25.70	24.11	0.00	0.00
GCC	93	24.26	25.73	25.77	24.23	0.00	0.00
GCC	94	24.27	25.72	25.80	24.21	0.00	0.00
GCC	95	24.25	25.72	25.72	24.31	0.00	0.00
GCC	96	24.26	25.70	25.64	24.40	0.00	0.00
GCC	97	24.16	25.77	25.76	24.31	0.00	0.00
GCC	98	24.27	25.69	25.74	24.30	0.00	0.00
GCC	99	24.15	25.87	25.55	24.43	0.00	0.00
GCC	100	24.12	25.64	25.81	24.43	0.10	0.00
GCC	101	24.30	25.65	25.64	24.41	0.10	0.00
# ACGT content per cycle, read oriented. Use `grep ^GCT | cut -f 2-` to extract this part. The columns are: cycle; A,C,G,T base counts as a percentage of all A/C/G/T bases [%]
GCT	1	15.14	29.02	45.44	10.40
GCT	2	17.58	31.67	18.66	32.09
GCT	3	17.96	35.80	19.77	26.47
GCT	4	13.04	41.67	13.63	31.66
GCT	5	32.14	18.07	17.11	32.68
GCT	6	30.74	15.51	39.54	14.20
GCT	7	26.84	20.97	34.66	17.53
GCT	8	30.64	22.02	30.01	17.33
GCT	9	13.35	44.23	26.24	16.18
GCT	10	25.40	26.66	15.22	32.72
GCT	11	19.47	21.51	38.01	21.00
GCT	12	21.44	25.71	24.92	27.93
GCT	13	18.02	28.25	30.49	23.24
GCT	14	17.50	35.76	22.74	24.01
GCT	15	25.81	28.02	25.26	20.91
GCT	16	24.86	26.80	25.66	22.68
GCT	17	24.49	26.03	24.92	24.57
GCT	18	24.40	25.68	25.40	24.52
GCT	19	24.04	26.03	25.59	24.34
GCT	20	23.77	26.29	25.51	24.43
GCT	21	23.56	26.80	25.29	24.35
GCT	22	23.43	26.59	25.34	24.64
GCT	23	23.56	26.77	25.32	24.35
GCT	24	23.52	26.65	25.34	24.49
GCT	25	23.49	26.72	25.60	24.18
GCT	26	23.59	26.57	25.23	24.60
GCT	27	23.50	26.72	25.26	24.52
GCT	28	23.64	26.49	25.42	24.45
GCT	29	23.81	26.46	25.14	24.59
GCT	30	23.86	26.38	25.43	24.32
GCT	31	24.03	26.36	25.28	24.32
GCT	32	23.84	26.39	25.18	24.60
GCT	33	23.60	26.55	25.28	24.57
GCT	34	23.55	26.53	25.23	24.69
GCT	35	23.50	26.43	25.31	24.76
GCT	36	23.94	26.33	25.36	24.37
GCT	37	23.86	26.32	25.43	24.38
GCT	38	24.07	26.22	25.24	24.47
GCT	39	24.00	26.29	25.11	24.59
GCT	40	23.83	26.25	25.29	24.63
GCT	41	24.03	26.20	25.14	24.63
GCT	42	24.06	26.12	25.43	24.38
GCT	43	23.85	26.32	25.29	24.54
GCT	44	23.96	26.19	25.27	24.58
GCT	45	23.76	26.29	25.46	24.49
GCT	46	23.99	26.28	25.22	24.51
GCT	47	24.09	26.14	25.21	24.56
GCT	48	24.07	25.98	25.56	24.39
GCT	49	24.10	25.99	25.51	24.40
GCT	50	24.13	26.01	25.32	24.54
GCT	51	24.10	26.04	25.46	24.41
GCT	52	23.88	26.12	25.47	24.54
GCT	53	24.12	26.14	25.22	24.52
GCT	54	23.98	26.05	25.53	24.43
GCT	55	23.90	26.06	25.71	24.33
GCT	56	24.13	25.95	25.64	24.28
GCT	57	24.09	26.08	25.46	24.37
GCT	58	24.02	26.04	25.36	24.58
GCT	59	24.04	25.84	25.51	24.61
GCT	60	24.09	26.04	25.49	24.38
GCT	61	24.19	25.91	25.60	24.31
GCT	62	24.12	25.82	25.65	24.41
GCT	63	24.10	26.00	25.52	24.37
GCT	64	24.12	25.87	25.67	24.35
GCT	65	24.16	25.85	25.52	24.47
GCT	66	24.22	25.94	25.65	24.20
GCT	67	24.08	25.71	25.83	24.38
GCT	68	24.33	25.58	25.73	24.36
GCT	69	24.08	25.71	25.78	24.43
GCT	70	24.16	25.84	25.74	24.27
GCT	71	24.23	25.79	25.81	24.18
GCT	72	24.12	25.69	25.86	24.33
GCT	73	24.38	25.67	25.76	24.19
GCT	74	24.25	25.76	25.86	24.14
GCT	75	24.33	25.70	25.96	24.00
GCT	76	24.33	25.66	25.92	24.09
GCT	77	24.40	25.59	25.67	24.34
GCT	78	24.25	25.65	26.01	24.09
GCT	79	24.27	25.70	25.93	24.09
GCT	80	24.33	25.47	25.90	24.30
GCT	81	24.36	25.66	25.87	24.11
GCT	82	24.42	25.77	25.57	24.24
GCT	83	24.38	25.61	25.81	24.19
GCT	84	24.26	25.56	25.99	24.18
GCT	85	24.43	25.61	25.91	24.05
GCT	86	24.47	25.43	26.00	24.10
GCT	87	24.55	25.47	25.97	24.01
GCT	88	24.39	25.53	25.86	24.21
GCT	89	24.43	25.52	25.89	24.16
GCT	90	24.42	25.63	25.83	24.13
GCT	91	24.49	25.48	25.93	24.09
GCT	92	24.45	25.51	26.01	24.02
GCT	93	24.43	25.47	26.03	24.06
GCT	94	24.36	25.50	26.03	24.11
GCT	95	24.50	25.49	25.95	24.06
GCT	96	24.51	25.48	25.85	24.15
GCT	97	24.60	25.48	26.05	23.87
GCT	98	24.68	25.34	26.09	23.89
GCT	99	24.55	25.42	26.00	24.03
GCT	100	24.60	25.42	26.03	23.95
GCT	101	24.67	25.43	25.86	24.04
# ACGT content per cycle for first fragments. Use `grep ^FBC | cut -f 2-` to extract this part. The columns are: cycle; A,C,G,T base counts as a percentage of all A/C/G/T bases [%]; and N and O counts as a percentage of all A/C/G/T bases [%]
FBC	1	13.20	36.40	36.97	13.43	0.00	0.00
FBC	2	24.99	25.11	25.14	24.76	0.00	0.00
FBC	3	22.64	27.28	27.31	22.77	0.00	0.00
FBC	4	22.63	27.30	27.42	22.65	0.01	0.00
FBC	5	32.33	17.63	17.48	32.57	0.00	0.00
FBC	6	22.40	27.38	27.51	22.70	0.00	0.00
FBC	7	22.14	27.86	27.80	22.20	0.00	0.00
FBC	8	24.06	25.96	25.99	23.99	0.00	0.00
FBC	9	14.61	35.13	35.57	14.69	0.00	0.00
FBC	10	28.97	20.85	20.90	29.29	0.00	0.00
FBC	11	20.12	29.92	29.72	20.25	0.00	0.00
FBC	12	24.72	25.34	25.24	24.70	0.00	0.00
FBC	13	20.70	29.46	29.27	20.56	0.00	0.00
FBC	14	20.74	29.14	29.27	20.85	0.00	0.00
FBC	15	23.25	26.68	26.57	23.51	0.00	0.00
FBC	16	23.72	26.11	26.27	23.90	0.00	0.00
FBC	17	24.36	25.54	25.38	24.72	0.00	0.00
FBC	18	24.47	25.39	25.62	24.51	0.00	0.00
FBC	19	24.15	25.85	25.72	24.28	0.00	0.00
FBC	20	24.11	25.74	25.98	24.17	0.00	0.00
FBC	21	23.87	26.00	26.11	24.02	0.00	0.00
FBC	22	24.09	25.81	26.03	24.07	0.00	0.00
FBC	23	24.00	26.00	26.09	23.91	0.00	0.00
FBC	24	24.09	25.85	26.04	24.03	0.00	0.00
FBC	25	23.87	26.07	26.18	23.89	0.00	0.00
FBC	26	23.94	25.85	26.01	24.21	0.00	0.00
FBC	27	24.16	25.96	25.94	23.94	0.00	0.00
FBC	28	23.98	25.87	25.97	24.18	0.00	0.00
FBC	29	24.24	25.75	25.87	24.14	0.00	0.00
FBC	30	24.02	25.74	26.03	24.20	0.00	0.00
FBC	31	24.25	25.74	25.90	24.10	0.00	0.00
FBC	32	24.04	25.85	25.82	24.29	0.00	0.00
FBC	33	24.00	25.88	25.88	24.23	0.00	0.00
FBC	34	24.21	25.92	25.82	24.05	0.00	0.00
FBC	35	24.11	26.01	25.73	24.15	0.00	0.00
FBC	36	24.18	25.76	25.95	24.12	0.00	0.00
FBC	37	24.21	25.80	25.89	24.10	0.00	0.00
FBC	38	24.28	25.76	25.76	24.20	0.00	0.00
FBC	39	24.34	25.68	25.77	24.20	0.00	0.00
FBC	40	24.16	25.72	25.80	24.31	0.00	0.00
FBC	41	24.51	25.66	25.63	24.20	0.00	0.00
FBC	42	24.37	25.81	25.81	24.01	0.00	0.00
FBC	43	24.32	25.89	25.72	24.07	0.00	0.00
FBC	44	24.36	25.70	25.73	24.21	0.00	0.00
FBC	45	24.11	25.80	25.95	24.14	0.00	0.00
FBC	46	24.43	25.74	25.76	24.06	0.00	0.00
FBC	47	24.25	25.59	25.73	24.43	0.00	0.00
FBC	48	24.39	25.88	25.68	24.05	0.00	0.00
FBC	49	24.28	25.69	25.85	24.18	0.00	0.00
FBC	50	24.39	25.67	25.74	24.20	0.00	0.00
FBC	51	24.20	25.74	25.75	24.31	0.00	0.00
FBC	52	24.14	25.77	25.88	24.21	0.00	0.00
FBC	53	24.33	25.71	25.57	24.39	0.00	0.00
FBC	54	24.17	25.91	25.74	24.18	0.00	0.00
FBC	55	24.18	25.92	25.93	23.97	0.00	0.00
FBC	56	24.23	25.73	25.88	24.17	0.00	0.00
FBC	57	24.23	25.85	25.79	24.13	0.00	0.00
FBC	58	24.35	25.67	25.70	24.29	0.00	0.00
FBC	59	24.27	25.75	25.65	24.32	0.00	0.00
FBC	60	24.31	25.84	25.69	24.16	0.00	0.00
FBC	61	24.15	25.63	25.81	24.41	0.00	0.00
FBC	62	24.13	25.68	25.80	24.38	0.00	0.00
FBC	63	24.33	25.82	25.72	24.12	0.00	0.00
FBC	64	24.26	25.69	25.79	24.26	0.00	0.00
FBC	65	24.47	25.59	25.76	24.18	0.00	0.00
FBC	66	24.15	25.89	25.69	24.27	0.00	0.00
FBC	67	24.29	25.78	25.68	24.25	0.00	0.00
FBC	68	24.34	25.68	25.65	24.33	0.00	0.00
FBC	69	24.37	25.53	25.91	24.19	0.00	0.00
FBC	70	24.29	25.73	25.76	24.22	0.00	0.00
FBC	71	24.07	25.75	25.75	24.42	0.00	0.00
FBC	72	24.32	25.79	25.70	24.20	0.00	0.00
FBC	73	24.36	25.77	25.68	24.19	0.00	0.00
FBC	74	24.08	25.73	25.88	24.31	0.00	0.00
FBC	75	24.28	25.78	25.88	24.07	0.00	0.00
FBC	76	24.33	25.74	25.77	24.15	0.00	0.00
FBC	77	24.46	25.67	25.56	24.32	0.00	0.00
FBC	78	24.26	25.88	25.74	24.12	0.01	0.00
FBC	79	24.07	25.78	25.84	24.30	0.00	0.00
FBC	80	24.23	25.58	25.80	24.39	0.00	0.00
FBC	81	24.26	25.72	25.74	24.28	0.00	0.00
FBC	82	24.25	25.47	25.75	24.54	0.00	0.00
FBC	83	24.37	25.56	25.79	24.28	0.00	0.00
FBC	84	24.17	25.67	25.94	24.22	0.00	0.00
FBC	85	24.20	25.77	25.66	24.38	0.00	0.00
FBC	86	24.30	25.77	25.60	24.34	0.00	0.00
FBC	87	24.14	25.70	25.71	24.45	0.00	0.00
FBC	88	24.27	25.63	25.63	24.48	0.00	0.00
FBC	89	24.32	25.67	25.66	24.35	0.00	0.00
FBC	90	24.23	25.59	25.83	24.34	0.00	0.00
FBC	91	24.34	25.66	25.68	24.32	0.00	0.00
FBC	92	24.38	25.79	25.74	24.09	0.00	0.00
FBC	93	24.32	25.69	25.72	24.27	0.00	0.00
FBC	94	24.19	25.78	25.77	24.26	0.00	0.00
FBC	95	24.31	25.58	25.70	24.41	0.00	0.00
FBC	96	24.31	25.62	25.61	24.46	0.00	0.00
FBC	97	24.13	25.75	25.79	24.33	0.00	0.00
FBC	98	24.33	25.73	25.68	24.26	0.00	0.00
FBC	99	24.13	25.89	25.60	24.38	0.00	0.00
FBC	100	24.01	25.60	25.85	24.54	0.00	0.00
FBC	101	24.44	25.58	25.60	24.38	0.00	0.00
# ACGT raw counters for first fragments. Use `grep ^FTC | cut -f 2-` to extract this part. The columns are: A,C,G,T,N base counters
FTC	10321823	11203790	11220991	10330547	131
# ACGT content per cycle for last fragments. Use `grep ^LBC | cut -f 2-` to extract this part. The columns are: cycle; A,C,G,T base counts as a percentage of all A/C/G/T bases [%]; and N and O counts as a percentage of all A/C/G/T bases [%]
LBC	1	12.10	37.59	37.95	12.35	0.07	0.00
LBC	2	24.81	25.34	25.06	24.79	0.02	0.00
LBC	3	21.66	28.32	28.22	21.80	0.01	0.00
LBC	4	21.91	27.84	28.06	22.19	0.01	0.00
LBC	5	32.12	17.70	17.56	32.62	0.01	0.00
LBC	6	22.32	27.47	27.73	22.47	0.00	0.00
LBC	7	22.11	27.74	27.86	22.30	0.00	0.00
LBC	8	24.09	26.05	26.06	23.81	0.00	0.00
LBC	9	14.79	35.02	35.22	14.97	0.00	0.00
LBC	10	28.75	20.97	21.05	29.23	0.00	0.00
LBC	11	20.31	29.66	29.75	20.28	0.00	0.00
LBC	12	24.66	25.23	25.44	24.66	0.00	0.00
LBC	13	20.57	29.39	29.35	20.69	0.00	0.00
LBC	14	20.62	29.19	29.39	20.80	0.00	0.00
LBC	15	23.31	26.74	26.59	23.36	0.00	0.00
LBC	16	23.53	26.17	26.36	23.95	0.00	0.00
LBC	17	24.42	25.42	25.56	24.61	0.00	0.00
LBC	18	24.35	25.54	25.62	24.49	0.00	0.00
LBC	19	24.05	25.74	25.93	24.28	0.00	0.00
LBC	20	24.06	25.86	26.02	24.06	0.00	0.00
LBC	21	23.84	26.11	25.95	24.09	0.00	0.00
LBC	22	23.89	26.00	26.01	24.09	0.00	0.00
LBC	23	23.97	25.97	26.13	23.92	0.00	0.00
LBC	24	23.96	25.98	26.12	23.94	0.00	0.00
LBC	25	23.75	26.13	26.27	23.84	0.00	0.00
LBC	26	24.10	25.74	26.02	24.14	0.00	0.00
LBC	27	23.94	26.07	25.98	24.01	0.00	0.00
LBC	28	24.04	25.97	26.02	23.97	0.00	0.00
LBC	29	24.13	25.85	25.74	24.28	0.00	0.00
LBC	30	24.01	25.93	25.92	24.14	0.00	0.00
LBC	31	24.16	25.73	25.92	24.19	0.00	0.00
LBC	32	24.22	25.70	25.75	24.32	0.00	0.00
LBC	33	23.99	25.93	25.97	24.11	0.00	0.00
LBC	34	24.13	25.95	25.83	24.09	0.00	0.00
LBC	35	24.13	25.97	25.77	24.13	0.00	0.00
LBC	36	24.13	25.85	25.83	24.20	0.00	0.00
LBC	37	24.16	25.86	25.96	24.02	0.00	0.00
LBC	38	24.26	25.68	25.72	24.34	0.00	0.00
LBC	39	24.31	25.65	25.69	24.34	0.00	0.00
LBC	40	24.15	25.75	25.81	24.29	0.00	0.00
LBC	41	24.32	25.75	25.64	24.30	0.00	0.00
LBC	42	24.21	25.73	25.75	24.31	0.00	0.00
LBC	43	24.25	25.87	25.75	24.13	0.00	0.00
LBC	44	24.28	25.71	25.79	24.23	0.00	0.00
LBC	45	24.03	25.76	26.00	24.20	0.00	0.00
LBC	46	24.36	25.65	25.84	24.14	0.00	0.00
LBC	47	24.28	25.73	25.65	24.34	0.00	0.00
LBC	48	24.30	25.89	25.63	24.18	0.00	0.00
LBC	49	24.42	25.67	25.79	24.12	0.00	0.00
LBC	50	24.42	25.55	25.69	24.35	0.00	0.00
LBC	51	24.29	25.68	25.82	24.21	0.00	0.00
LBC	52	24.25	25.77	25.74	24.23	0.00	0.00
LBC	53	24.22	25.70	25.75	24.34	0.00	0.00
LBC	54	24.18	25.72	25.79	24.31	0.00	0.00
LBC	55	24.14	25.78	25.91	24.17	0.00	0.00
LBC	56	24.25	25.78	25.80	24.17	0.00	0.00
LBC	57	24.43	25.76	25.68	24.13	0.00	0.00
LBC	58	24.34	25.68	25.76	24.23	0.00	0.00
LBC	59	24.35	25.78	25.52	24.35	0.00	0.00
LBC	60	24.36	25.75	25.79	24.10	0.00	0.00
LBC	61	24.09	25.70	25.88	24.32	0.00	0.00
LBC	62	24.20	25.76	25.71	24.33	0.00	0.00
LBC	63	24.29	25.71	25.79	24.22	0.00	0.00
LBC	64	24.19	25.75	25.83	24.23	0.00	0.00
LBC	65	24.37	25.69	25.71	24.24	0.00	0.00
LBC	66	24.18	25.83	25.76	24.23	0.00	0.00
LBC	67	24.24	25.90	25.72	24.14	0.00	0.00
LBC	68	24.43	25.63	25.67	24.28	0.00	0.00
LBC	69	24.19	25.66	25.88	24.27	0.21	0.00
LBC	70	24.22	25.80	25.86	24.12	0.02	0.00
LBC	71	24.05	25.83	25.85	24.26	0.00	0.00
LBC	72	24.33	25.87	25.74	24.06	0.00	0.00
LBC	73	24.26	25.76	25.65	24.33	0.00	0.00
LBC	74	24.10	25.75	25.87	24.28	0.00	0.00
LBC	75	24.29	25.70	25.99	24.02	0.01	0.00
LBC	76	24.18	25.78	25.86	24.18	0.00	0.00
LBC	77	24.49	25.57	25.72	24.21	0.00	0.00
LBC	78	24.17	25.89	25.81	24.13	0.00	0.00
LBC	79	24.09	25.90	25.74	24.26	0.00	0.00
LBC	80	24.19	25.59	25.77	24.45	0.00	0.00
LBC	81	24.22	25.73	25.88	24.17	0.00	0.00
LBC	82	24.26	25.68	25.78	24.27	0.00	0.00
LBC	83	24.31	25.58	25.93	24.19	0.00	0.00
LBC	84	24.22	25.64	25.86	24.28	0.00	0.00
LBC	85	24.11	25.80	25.81	24.27	0.00	0.00
LBC	86	24.20	25.69	25.82	24.30	0.00	0.00
LBC	87	24.31	25.63	25.84	24.23	0.00	0.00
LBC	88	24.26	25.87	25.66	24.20	0.00	0.00
LBC	89	24.23	25.71	25.78	24.28	0.00	0.00
LBC	90	24.18	25.71	25.78	24.33	0.00	0.00
LBC	91	24.23	25.70	25.79	24.28	0.00	0.00
LBC	92	24.34	25.86	25.67	24.13	0.00	0.00
LBC	93	24.20	25.77	25.82	24.20	0.00	0.00
LBC	94	24.34	25.67	25.83	24.15	0.00	0.00
LBC	95	24.19	25.85	25.74	24.22	0.00	0.00
LBC	96	24.21	25.77	25.67	24.35	0.00	0.00
LBC	97	24.20	25.79	25.72	24.29	0.00	0.00
LBC	98	24.21	25.64	25.80	24.35	0.00	0.00
LBC	99	24.16	25.85	25.51	24.48	0.00	0.00
LBC	100	24.22	25.68	25.78	24.32	0.20	0.00
LBC	101	24.16	25.72	25.68	24.44	0.19	0.00
# ACGT raw counters for last fragments. Use `grep ^LTC | cut -f 2-` to extract this part. The columns are: A,C,G,T,N base counters
LTC	10294324	11222352	11241102	10312036	3103
# Insert sizes. Use `grep ^IS | cut -f 2-` to extract this part. The columns are: insert size, pairs total, inward oriented pairs, outward oriented pairs, other pairs
IS	0	0	0	0	0
IS	1	0	0	0	0
IS	2	1	0	1	0
IS	3	0	0	0	0
IS	4	1	0	1	0
IS	5	0	0	0	0
IS	6	0	0	0	0
IS	7	0	0	0	0
IS	8	0	0	0	0
IS	9	1	0	1	0
IS	10	0	0	0	0
IS	11	0	0	0	0
IS	12	0	0	0	0
IS	13	1	0	1	0
IS	14	3	0	3	0
IS	15	2	0	2	0
IS	16	0	0	0	0
IS	17	0	0	0	0
IS	18	1	0	1	0
IS	19	2	1	1	0
IS	20	6	4	2	0
IS	21	2	1	1	0
IS	22	1	1	0	0
IS	23	2	2	0	0
IS	24	2	0	2	0
IS	25	2	1	1	0
IS	26	3	2	1	0
IS	27	2	2	0	0
IS	28	1	1	0	0
IS	29	2	0	2	0
IS	30	2	1	1	0
IS	31	2	2	0	0
IS	32	5	3	2	0
IS	33	2	1	1	0
IS	34	6	6	0	0
IS	35	4	3	1	0
IS	36	4	4	0	0
IS	37	5	5	0	0
IS	38	6	5	1	0
IS	39	4	3	1	0
IS	40	2	1	1	0
IS	41	2	2	0	0
IS	42	4	3	1	0
IS	43	10	10	0	0
IS	44	7	6	1	0
IS	45	4	4	0	0
IS	46	3	3	0	0
IS	47	4	4	0	0
IS	48	3	3	0	0
IS	49	11	7	4	0
IS	50	212	210	2	0
IS	51	267	265	2	0
IS	52	282	280	2	0
IS	53	331	329	2	0
IS	54	397	394	3	0
IS	55	470	468	2	0
IS	56	461	459	2	0
IS	57	478	476	2	0
IS	58	455	455	0	0
IS	59	516	514	2	0
IS	60	532	531	1	0
IS	61	575	574	1	0
IS	62	593	592	1	0
IS	63	559	559	0	0
IS	64	689	689	0	0
IS	65	747	747	0	0
IS	66	747	745	2	0
IS	67	736	735	1	0
IS	68	828	826	2	0
IS	69	835	834	1	0
IS	70	849	848	1	0
IS	71	875	873	2	0
IS	72	923	922	1	0
IS	73	953	953	0	0
IS	74	997	997	0	0
IS	75	1084	1083	1	0
IS	76	1095	1095	0	0
IS	77	1137	1135	2	0
IS	78	1203	1201	2	0
IS	79	1290	1288	2	0
IS	80	1216	1216	0	0
IS	81	1274	1272	2	0
IS	82	1308	1307	1	0
IS	83	1235	1234	1	0
IS	84	1395	1394	1	0
IS	85	1377	1374	3	0
IS	86	1465	1463	2	0
IS	87	1535	1535	0	0
IS	88	1644	1642	2	0
IS	89	1701	1699	2	0
IS	90	1722	1721	1	0
IS	91	1706	1704	2	0
IS	92	1661	1660	1	0
IS	93	1665	1662	3	0
IS	94	1801	1799	2	0
IS	95	1829	1828	1	0
IS	96	1923	1922	1	0
IS	97	1979	1976	3	0
IS	98	1974	1970	4	0
IS	99	2107	2094	13	0
IS	100	2171	2162	9	0
IS	101	2195	2195	0	0
IS	102	2194	2194	0	0
IS	103	2202	2202	0	0
IS	104	2223	2223	0	0
IS	105	2159	2159	0	0
IS	106	2423	2423	0	0
IS	107	2369	2369	0	0
IS	108	2358	2358	0	0
IS	109	2487	2487	0	0
IS	110	2553	2553	0	0
IS	111	2543	2543	0	0
IS	112	2514	2514	0	0
IS	113	2568	2568	0	0
IS	114	2620	2620	0	0
IS	115	2637	2637	0	0
IS	116	2727	2727	0	0
IS	117	2561	2561	0	0
IS	118	2848	2848	0	0
IS	119	2818	2818	0	0
IS	120	2772	2772	0	0
IS	121	2903	2903	0	0
IS	122	2900	2900	0	0
IS	123	2949	2949	0	0
IS	124	2921	2921	0	0
IS	125	2967	2967	0	0
IS	126	2873	2873	0	0
IS	127	2967	2967	0	0
IS	128	2976	2976	0	0
IS	129	3022	3022	0	0
IS	130	2923	2923	0	0
IS	131	2917	2916	1	0
IS	132	2981	2981	0	0
IS	133	3080	3080	0	0
IS	134	2990	2990	0	0
IS	135	3054	3054	0	0
IS	136	3043	3043	0	0
IS	137	3127	3127	0	0
IS	138	3092	3092	0	0
IS	139	3009	3009	0	0
IS	140	3096	3096	0	0
IS	141	2940	2940	0	0
IS	142	3055	3055	0	0
IS	143	3094	3094	0	0
IS	144	3051	3051	0	0
IS	145	3100	3100	0	0
IS	146	2985	2985	0	0
IS	147	3046	3046	0	0
IS	148	2969	2969	0	0
IS	149	2964	2964	0	0
IS	150	2920	2920	0	0
IS	151	2906	2906	0	0
IS	152	2942	2942	0	0
IS	153	2919	2919	0	0
IS	154	2948	2948	0	0
IS	155	2881	2881	0	0
IS	156	2845	2845	0	0
IS	157	2837	2837	0	0
IS	158	2791	2791	0	0
IS	159	2849	2848	0	1
IS	160	2726	2725	0	1
IS	161	2729	2729	0	0
IS	162	2748	2748	0	0
IS	163	2716	2716	0	0
IS	164	2645	2645	0	0
IS	165	2684	2684	0	0
IS	166	2725	2725	0	0
IS	167	2653	2653	0	0
IS	168	2629	2629	0	0
IS	169	2549	2549	0	0
IS	170	2474	2474	0	0
IS	171	2510	2510	0	0
IS	172	2524	2524	0	0
IS	173	2454	2454	0	0
IS	174	2467	2467	0	0
IS	175	2487	2487	0	0
IS	176	2374	2374	0	0
IS	177	2447	2447	0	0
IS	178	2355	2355	0	0
IS	179	2315	2315	0	0
IS	180	2325	2325	0	0
IS	181	2263	2263	0	0
IS	182	2202	2202	0	0
IS	183	2285	2285	0	0
IS	184	2197	2197	0	0
IS	185	2168	2168	0	0
IS	186	2118	2118	0	0
IS	187	2142	2142	0	0
IS	188	2121	2121	0	0
IS	189	2058	2058	0	0
IS	190	2139	2139	0	0
IS	191	2050	2050	0	0
IS	192	2067	2067	0	0
IS	193	2014	2014	0	0
IS	194	1920	1920	0	0
IS	195	1873	1873	0	0
IS	196	1879	1879	0	0
IS	197	1821	1821	0	0
IS	198	1840	1840	0	0
IS	199	1909	1909	0	0
IS	200	1721	1721	0	0
IS	201	1743	1743	0	0
IS	202	1749	1749	0	0
IS	203	1682	1682	0	0
IS	204	1736	1736	0	0
IS	205	1650	1650	0	0
IS	206	1709	1709	0	0
IS	207	1684	1684	0	0
IS	208	1642	1642	0	0
IS	209	1598	1598	0	0
IS	210	1570	1570	0	0
IS	211	1518	1518	0	0
IS	212	1496	1496	0	0
IS	213	1539	1539	0	0
IS	214	1513	1513	0	0
IS	215	1473	1473	0	0
IS	216	1375	1375	0	0
IS	217	1419	1419	0	0
IS	218	1358	1358	0	0
IS	219	1340	1340	0	0
IS	220	1436	1436	0	0
IS	221	1340	1340	0	0
IS	222	1318	1318	0	0
IS	223	1310	1310	0	0
IS	224	1354	1354	0	0
IS	225	1321	1321	0	0
IS	226	1269	1269	0	0
IS	227	1294	1294	0	0
IS	228	1230	1230	0	0
IS	229	1157	1157	0	0
IS	230	1120	1120	0	0
IS	231	1223	1223	0	0
IS	232	1149	1149	0	0
IS	233	1151	1151	0	0
IS	234	1212	1212	0	0
IS	235	1139	1139	0	0
IS	236	1076	1076	0	0
IS	237	1102	1102	0	0
IS	238	1068	1068	0	0
IS	239	1040	1040	0	0
IS	240	1053	1053	0	0
IS	241	1023	1023	0	0
IS	242	997	997	0	0
IS	243	962	962	0	0
IS	244	989	989	0	0
IS	245	964	964	0	0
IS	246	944	944	0	0
IS	247	950	950	0	0
IS	248	930	930	0	0
IS	249	940	940	0	0
IS	250	946	946	0	0
IS	251	878	878	0	0
IS	252	867	867	0	0
IS	253	877	877	0	0
IS	254	826	826	0	0
IS	255	810	810	0	0
IS	256	840	840	0	0
IS	257	750	750	0	0
IS	258	766	766	0	0
IS	259	807	807	0	0
IS	260	756	756	0	0
IS	261	704	704	0	0
IS	262	733	733	0	0
IS	263	719	719	0	0
IS	264	723	723	0	0
IS	265	681	681	0	0
IS	266	672	672	0	0
IS	267	663	663	0	0
IS	268	701	701	0	0
IS	269	656	656	0	0
IS	270	691	691	0	0
IS	271	646	646	0	0
IS	272	619	619	0	0
IS	273	649	649	0	0
IS	274	632	632	0	0
IS	275	610	610	0	0
IS	276	616	616	0	0
IS	277	551	551	0	0
IS	278	585	585	0	0
IS	279	572	572	0	0
IS	280	569	569	0	0
IS	281	591	591	0	0
IS	282	537	537	0	0
IS	283	541	541	0	0
IS	284	526	526	0	0
IS	285	541	541	0	0
IS	286	526	526	0	0
IS	287	518	518	0	0
IS	288	495	495	0	0
IS	289	506	506	0	0
IS	290	522	522	0	0
IS	291	479	479	0	0
IS	292	462	462	0	0
IS	293	439	439	0	0
IS	294	441	441	0	0
IS	295	425	425	0	0
IS	296	404	404	0	0
IS	297	421	421	0	0
IS	298	432	432	0	0
IS	299	419	419	0	0
IS	300	389	389	0	0
IS	301	410	410	0	0
IS	302	401	400	1	0
IS	303	336	336	0	0
IS	304	408	408	0	0
IS	305	378	378	0	0
IS	306	381	381	0	0
IS	307	355	355	0	0
IS	308	356	356	0	0
IS	309	340	340	0	0
IS	310	354	354	0	0
IS	311	330	330	0	0
IS	312	340	340	0	0
IS	313	311	311	0	0
IS	314	328	328	0	0
IS	315	348	348	0	0
IS	316	342	342	0	0
IS	317	304	304	0	0
IS	318	280	280	0	0
IS	319	301	301	0	0
IS	320	313	313	0	0
IS	321	288	288	0	0
IS	322	274	274	0	0
IS	323	246	246	0	0
IS	324	279	279	0	0
IS	325	280	280	0	0
IS	326	266	266	0	0
IS	327	252	252	0	0
IS	328	270	270	0	0
IS	329	252	252	0	0
IS	330	278	278	0	0
IS	331	264	264	0	0
IS	332	215	215	0	0
IS	333	264	264	0	0
IS	334	235	235	0	0
IS	335	222	222	0	0
IS	336	225	225	0	0
IS	337	202	202	0	0
IS	338	238	238	0	0
IS	339	208	208	0	0
IS	340	234	234	0	0
IS	341	205	205	0	0
IS	342	193	193	0	0
IS	343	193	193	0	0
IS	344	244	244	0	0
IS	345	197	197	0	0
IS	346	204	204	0	0
IS	347	168	168	0	0
IS	348	188	188	0	0
IS	349	186	186	0	0
IS	350	185	185	0	0
IS	351	168	168	0	0
IS	352	170	170	0	0
IS	353	196	196	0	0
IS	354	186	186	0	0
IS	355	176	176	0	0
IS	356	165	165	0	0
IS	357	159	159	0	0
IS	358	151	151	0	0
IS	359	160	160	0	0
IS	360	170	170	0	0
IS	361	168	168	0	0
IS	362	142	142	0	0
IS	363	156	156	0	0
IS	364	135	135	0	0
IS	365	134	134	0	0
IS	366	142	142	0	0
IS	367	129	129	0	0
IS	368	138	138	0	0
IS	369	144	144	0	0
IS	370	142	142	0	0
IS	371	103	103	0	0
IS	372	117	117	0	0
IS	373	123	123	0	0
IS	374	121	121	0	0
IS	375	108	108	0	0
IS	376	125	125	0	0
IS	377	110	110	0	0
IS	378	107	107	0	0
IS	379	129	129	0	0
IS	380	123	123	0	0
IS	381	123	123	0	0
IS	382	104	104	0	0
IS	383	115	115	0	0
IS	384	121	121	0	0
IS	385	118	118	0	0
IS	386	99	99	0	0
IS	387	97	97	0	0
IS	388	102	102	0	0
IS	389	82	82	0	0
IS	390	102	102	0	0
IS	391	84	84	0	0
IS	392	107	107	0	0
IS	393	70	70	0	0
IS	394	83	83	0	0
IS	395	100	100	0	0
IS	396	83	83	0	0
IS	397	81	81	0	0
IS	398	73	73	0	0
IS	399	70	70	0	0
IS	400	97	97	0	0
IS	401	86	86	0	0
IS	402	79	79	0	0
IS	403	96	96	0	0
IS	404	69	69	0	0
IS	405	75	75	0	0
IS	406	71	71	0	0
IS	407	81	81	0	0
IS	408	72	72	0	0
IS	409	75	75	0	0
IS	410	64	64	0	0
# Read lengths. Use `grep ^RL | cut -f 2-` to extract this part. The columns are: read length, count
RL	50	414
RL	51	528
RL	52	552
RL	53	652
RL	54	782
RL	55	948
RL	56	917
RL	57	968
RL	58	904
RL	59	1030
RL	60	1060
RL	61	1136
RL	62	1186
RL	63	1110
RL	64	1384
RL	65	1508
RL	66	1492
RL	67	1472
RL	68	1664
RL	69	1676
RL	70	1708
RL	71	1742
RL	72	1864
RL	73	1898
RL	74	2006
RL	75	2171
RL	76	2188
RL	77	2280
RL	78	2404
RL	79	2571
RL	80	2422
RL	81	2544
RL	82	2613
RL	83	2485
RL	84	2821
RL	85	2757
RL	86	2909
RL	87	3112
RL	88	3278
RL	89	3414
RL	90	3463
RL	91	3510
RL	92	3553
RL	93	4114
RL	94	3690
RL	95	4034
RL	96	4922
RL	97	3966
RL	98	3935
RL	99	4178
RL	100	4322
RL	101	759529
# Read lengths - first fragments. Use `grep ^FRL | cut -f 2-` to extract this part. The columns are: read length, count
FRL	50	207
FRL	51	264
FRL	52	276
FRL	53	326
FRL	54	391
FRL	55	474
FRL	56	459
FRL	57	484
FRL	58	452
FRL	59	515
FRL	60	530
FRL	61	568
FRL	62	593
FRL	63	555
FRL	64	692
FRL	65	754
FRL	66	746
FRL	67	736
FRL	68	832
FRL	69	838
FRL	70	854
FRL	71	871
FRL	72	932
FRL	73	949
FRL	74	1003
FRL	75	1085
FRL	76	1094
FRL	77	1140
FRL	78	1202
FRL	79	1286
FRL	80	1211
FRL	81	1272
FRL	82	1306
FRL	83	1243
FRL	84	1411
FRL	85	1378
FRL	86	1455
FRL	87	1557
FRL	88	1641
FRL	89	1707
FRL	90	1733
FRL	91	1747
FRL	92	1771
FRL	93	2049
FRL	94	1847
FRL	95	2018
FRL	96	2446
FRL	97	1983
FRL	98	1968
FRL	99	2089
FRL	100	2161
FRL	101	379812
# Read lengths - last fragments. Use `grep ^LRL | cut -f 2-` to extract this part. The columns are: read length, count
LRL	50	207
LRL	51	264
LRL	52	276
LRL	53	326
LRL	54	391
LRL	55	474
LRL	56	458
LRL	57	484
LRL	58	452
LRL	59	515
LRL	60	530
LRL	61	568
LRL	62	593
LRL	63	555
LRL	64	692
LRL	65	754
LRL	66	746
LRL	67	736
LRL	68	832
LRL	69	838
LRL	70	854
LRL	71	871
LRL	72	932
LRL	73	949
LRL	74	1003
LRL	75	1086
LRL	76	1094
LRL	77	1140
LRL	78	1202
LRL	79	1285
LRL	80	1211
LRL	81	1272
LRL	82	1307
LRL	83	1242
LRL	84	1410
LRL	85	1379
LRL	86	1454
LRL	87	1555
LRL	88	1637
LRL	89	1707
LRL	90	1730
LRL	91	1763
LRL	92	1782
LRL	93	2065
LRL	94	1843
LRL	95	2016
LRL	96	2476
LRL	97	1983
LRL	98	1967
LRL	99	2089
LRL	100	2161
LRL	101	379717
# Mapping qualities for reads !(UNMAP|SECOND|SUPPL|QCFAIL|DUP). Use `grep ^MAPQ | cut -f 2-` to extract this part. The columns are: mapq, count
MAPQ	0	21902
MAPQ	1	113
MAPQ	2	100
MAPQ	3	240
MAPQ	4	143
MAPQ	5	142
MAPQ	6	188
MAPQ	7	222
MAPQ	8	105
MAPQ	9	399
MAPQ	10	134
MAPQ	11	88
MAPQ	12	125
MAPQ	13	156
MAPQ	14	52
MAPQ	15	190
MAPQ	16	101
MAPQ	17	105
MAPQ	18	121
MAPQ	19	235
MAPQ	20	232
MAPQ	21	351
MAPQ	22	437
MAPQ	23	269
MAPQ	24	285
MAPQ	25	581
MAPQ	26	43
MAPQ	27	2524
MAPQ	28	77
MAPQ	29	69
MAPQ	30	98
MAPQ	31	120
MAPQ	32	35
MAPQ	33	274
MAPQ	34	56
MAPQ	35	52
MAPQ	36	72
MAPQ	37	89
MAPQ	38	105
MAPQ	39	279
MAPQ	40	3799
MAPQ	41	141
MAPQ	42	329
MAPQ	43	316
MAPQ	44	307
MAPQ	45	848
MAPQ	46	502
MAPQ	47	1049
MAPQ	48	1249
MAPQ	49	899
MAPQ	50	4398
MAPQ	51	488
MAPQ	52	607
MAPQ	53	272
MAPQ	54	199
MAPQ	55	617
MAPQ	56	76
MAPQ	57	527
MAPQ	58	78
MAPQ	59	82
MAPQ	60	779060
# Indel distribution. Use `grep ^ID | cut -f 2-` to extract this part. The columns are: length, number of insertions, number of deletions
ID	1	2158	3075
ID	2	593	713
ID	3	124	401
ID	4	113	418
ID	5	279	119
ID	6	37	199
ID	7	18	26
ID	8	25	59
ID	9	10	17
ID	10	39	19
ID	11	5	8
ID	12	5	25
ID	13	24	2
ID	14	6	61
ID	15	2	12
ID	16	0	8
ID	18	1	3
ID	19	4	2
ID	20	0	4
ID	22	0	6
ID	24	0	1
ID	26	0	16
ID	29	6	1
ID	30	0	1
# Indels per cycle. Use `grep ^IC | cut -f 2-` to extract this part. The columns are: cycle, number of insertions (fwd), .. (rev) , number of deletions (fwd), .. (rev)
IC	3	0	0	12	8
IC	4	8	4	10	7
IC	5	7	8	10	7
IC	6	9	5	11	12
IC	7	9	7	7	16
IC	8	7	8	17	9
IC	9	14	11	11	15
IC	10	16	11	17	16
IC	11	17	11	20	16
IC	12	17	12	11	11
IC	13	12	6	24	12
IC	14	18	28	17	13
IC	15	13	8	21	23
IC	16	24	16	22	18
IC	17	17	20	27	21
IC	18	23	14	24	17
IC	19	19	28	25	25
IC	20	16	16	20	22
IC	21	20	20	32	27
IC	22	28	9	22	25
IC	23	22	12	22	26
IC	24	17	14	16	19
IC	25	26	20	34	29
IC	26	21	18	49	37
IC	27	21	21	33	29
IC	28	19	12	31	34
IC	29	29	23	37	28
IC	30	20	24	46	24
IC	31	23	15	18	24
IC	32	17	15	47	39
IC	33	22	18	31	33
IC	34	27	12	41	37
IC	35	25	17	31	25
IC	36	27	24	30	38
IC	37	28	19	39	28
IC	38	17	11	30	18
IC	39	24	21	45	29
IC	40	14	27	37	28
IC	41	23	27	35	25
IC	42	22	28	33	34
IC	43	18	16	36	30
IC	44	22	19	46	44
IC	45	18	26	37	31
IC	46	24	31	32	33
IC	47	24	27	43	36
IC	48	36	17	26	38
IC	49	26	20	47	20
IC	50	19	33	22	35
IC	51	29	26	43	50
IC	52	25	25	40	44
IC	53	26	26	40	38
IC	54	20	19	32	31
IC	55	28	31	34	41
IC	56	25	23	35	36
IC	57	26	18	25	32
IC	58	17	13	26	44
IC	59	15	14	23	37
IC	60	29	26	28	31
IC	61	18	20	30	35
IC	62	14	12	31	23
IC	63	19	29	25	33
IC	64	17	22	31	33
IC	65	23	20	44	40
IC	66	26	24	33	32
IC	67	15	18	40	31
IC	68	23	16	32	24
IC	69	14	16	31	33
IC	70	27	15	38	28
IC	71	20	20	25	33
IC	72	27	18	28	25
IC	73	17	16	28	32
IC	74	19	15	25	34
IC	75	22	15	24	36
IC	76	18	19	28	20
IC	77	22	18	35	27
IC	78	12	20	32	28
IC	79	21	20	25	36
IC	80	25	12	29	19
IC	81	14	11	19	29
IC	82	20	25	28	26
IC	83	17	26	25	34
IC	84	17	19	29	25
IC	85	20	15	23	24
IC	86	18	12	27	25
IC	87	16	20	21	28
IC	88	14	7	15	18
IC	89	7	10	33	23
IC	90	10	8	16	22
IC	91	18	17	20	18
IC	92	7	18	25	23
IC	93	8	17	10	13
IC	94	13	11	21	19
IC	95	9	7	18	13
IC	96	8	9	20	16
IC	97	6	17	21	9
IC	98	12	7	13	16
# Coverage distribution. Use `grep ^COV | cut -f 2-` to extract this part.
COV	[1-1]	1	4945082
COV	[2-2]	2	2798388
COV	[3-3]	3	438721
COV	[4-4]	4	277557
COV	[5-5]	5	138383
COV	[6-6]	6	114335
COV	[7-7]	7	96312
COV	[8-8]	8	86111
COV	[9-9]	9	79586
COV	[10-10]	10	74356
COV	[11-11]	11	69658
COV	[12-12]	12	65532
COV	[13-13]	13	62830
COV	[14-14]	14	60173
COV	[15-15]	15	58222
COV	[16-16]	16	56356
COV	[17-17]	17	53394
COV	[18-18]	18	50830
COV	[19-19]	19	47915
COV	[20-20]	20	46999
COV	[21-21]	21	44340
COV	[22-22]	22	43213
COV	[23-23]	23	41410
COV	[24-24]	24	39953
COV	[25-25]	25	39313
COV	[26-26]	26	37820
COV	[27-27]	27	36494
COV	[28-28]	28	34499
COV	[29-29]	29	33708
COV	[30-30]	30	32559
COV	[31-31]	31	31367
COV	[32-32]	32	29938
COV	[33-33]	33	29125
COV	[34-34]	34	27743
COV	[35-35]	35	27526
COV	[36-36]	36	26891
COV	[37-37]	37	25028
COV	[38-38]	38	24733
COV	[39-39]	39	24161
COV	[40-40]	40	23007
COV	[41-41]	41	21740
COV	[42-42]	42	21460
COV	[43-43]	43	20824
COV	[44-44]	44	19419
COV	[45-45]	45	19093
COV	[46-46]	46	18245
COV	[47-47]	47	17678
COV	[48-48]	48	16974
COV	[49-49]	49	16607
COV	[50-50]	50	15739
COV	[51-51]	51	14724
COV	[52-52]	52	14300
COV	[53-53]	53	13464
COV	[54-54]	54	13171
COV	[55-55]	55	12766
COV	[56-56]	56	12014
COV	[57-57]	57	11716
COV	[58-58]	58	11562
COV	[59-59]	59	10886
COV	[60-60]	60	10243
COV	[61-61]	61	10387
COV	[62-62]	62	9695
COV	[63-63]	63	9536
COV	[64-64]	64	8959
COV	[65-65]	65	8656
COV	[66-66]	66	8132
COV	[67-67]	67	8147
COV	[68-68]	68	7932
COV	[69-69]	69	7348
COV	[70-70]	70	7126
COV	[71-71]	71	6896
COV	[72-72]	72	6627
COV	[73-73]	73	6309
COV	[74-74]	74	6163
COV	[75-75]	75	5833
COV	[76-76]	76	5966
COV	[77-77]	77	5492
COV	[78-78]	78	5314
COV	[79-79]	79	5288
COV	[80-80]	80	4987
COV	[81-81]	81	4899
COV	[82-82]	82	4399
COV	[83-83]	83	4387
COV	[84-84]	84	4303
COV	[85-85]	85	4006
COV	[86-86]	86	3894
COV	[87-87]	87	3658
COV	[88-88]	88	3794
COV	[89-89]	89	3518
COV	[90-90]	90	3531
COV	[91-91]	91	3371
COV	[92-92]	92	3203
COV	[93-93]	93	3251
COV	[94-94]	94	3093
COV	[95-95]	95	2862
COV	[96-96]	96	2632
COV	[97-97]	97	2688
COV	[98-98]	98	2708
COV	[99-99]	99	2636
COV	[100-100]	100	2576
COV	[101-101]	101	2088
COV	[102-102]	102	2121
COV	[103-103]	103	2175
COV	[104-104]	104	2147
COV	[105-105]	105	2139
COV	[106-106]	106	1930
COV	[107-107]	107	1967
COV	[108-108]	108	1915
COV	[109-109]	109	1749
COV	[110-110]	110	1807
COV	[111-111]	111	1834
COV	[112-112]	112	1721
COV	[113-113]	113	1721
COV	[114-114]	114	1586
COV	[115-115]	115	1548
COV	[116-116]	116	1549
COV	[117-117]	117	1444
COV	[118-118]	118	1474
COV	[119-119]	119	1373
COV	[120-120]	120	1297
COV	[121-121]	121	1206
COV	[122-122]	122	1258
COV	[123-123]	123	1238
COV	[124-124]	124	1179
COV	[125-125]	125	1234
COV	[126-126]	126	1101
COV	[127-127]	127	1034
COV	[128-128]	128	1007
COV	[129-129]	129	922
COV	[130-130]	130	945
COV	[131-131]	131	981
COV	[132-132]	132	839
COV	[133-133]	133	868
COV	[134-134]	134	839
COV	[135-135]	135	829
COV	[136-136]	136	812
COV	[137-137]	137	696
COV	[138-138]	138	799
COV	[139-139]	139	710
COV	[140-140]	140	672
COV	[141-141]	141	676
COV	[142-142]	142	622
COV	[143-143]	143	592
COV	[144-144]	144	571
COV	[145-145]	145	472
COV	[146-146]	146	472
COV	[147-147]	147	475
COV	[148-148]	148	425
COV	[149-149]	149	469
COV	[150-150]	150	415
COV	[151-151]	151	426
COV	[152-152]	152	396
COV	[153-153]	153	368
COV	[154-154]	154	395
COV	[155-155]	155	449
COV	[156-156]	156	388
COV	[157-157]	157	344
COV	[158-158]	158	322
COV	[159-159]	159	300
COV	[160-160]	160	305
COV	[161-161]	161	292
COV	[162-162]	162	319
COV	[163-163]	163	305
COV	[164-164]	164	312
COV	[165-165]	165	276
COV	[166-166]	166	262
COV	[167-167]	167	234
COV	[168-168]	168	208
COV	[169-169]	169	239
COV	[170-170]	170	238
COV	[171-171]	171	221
COV	[172-172]	172	187
COV	[173-173]	173	211
COV	[174-174]	174	200
COV	[175-175]	175	164
COV	[176-176]	176	181
COV	[177-177]	177	134
COV	[178-178]	178	123
COV	[179-179]	179	153
COV	[180-180]	180	111
COV	[181-181]	181	128
COV	[182-182]	182	83
COV	[183-183]	183	107
COV	[184-184]	184	108
COV	[185-185]	185	90
COV	[186-186]	186	96
COV	[187-187]	187	88
COV	[188-188]	188	94
COV	[189-189]	189	81
COV	[190-190]	190	81
COV	[191-191]	191	77
COV	[192-192]	192	89
COV	[193-193]	193	87
COV	[194-194]	194	76
COV	[195-195]	195	85
COV	[196-196]	196	90
COV	[197-197]	197	71
COV	[198-198]	198	55
COV	[199-199]	199	70
COV	[200-200]	200	47
COV	[201-201]	201	49
COV	[202-202]	202	72
COV	[203-203]	203	59
COV	[204-204]	204	61
COV	[205-205]	205	53
COV	[206-206]	206	67
COV	[207-207]	207	51
COV	[208-208]	208	50
COV	[209-209]	209	45
COV	[210-210]	210	56
COV	[211-211]	211	54
COV	[212-212]	212	50
COV	[213-213]	213	53
COV	[214-214]	214	32
COV	[215-215]	215	33
COV	[216-216]	216	37
COV	[217-217]	217	17
COV	[218-218]	218	35
COV	[219-219]	219	23
COV	[220-220]	220	25
COV	[221-221]	221	30
COV	[222-222]	222	41
COV	[223-223]	223	26
COV	[224-224]	224	31
COV	[225-225]	225	25
COV	[226-226]	226	29
COV	[227-227]	227	38
COV	[228-228]	228	20
COV	[229-229]	229	21
COV	[230-230]	230	32
COV	[231-231]	231	26
COV	[232-232]	232	20
COV	[233-233]	233	19
COV	[234-234]	234	19
COV	[235-235]	235	9
COV	[236-236]	236	18
COV	[237-237]	237	21
COV	[238-238]	238	19
COV	[239-239]	239	13
COV	[240-240]	240	13
COV	[241-241]	241	3
COV	[242-242]	242	7
COV	[243-243]	243	6
COV	[244-244]	244	11
COV	[245-245]	245	18
COV	[246-246]	246	15
COV	[247-247]	247	12
COV	[248-248]	248	10
COV	[249-249]	249	10
COV	[250-250]	250	14
COV	[251-251]	251	20
COV	[252-252]	252	15
COV	[253-253]	253	11
COV	[254-254]	254	9
COV	[255-255]	255	16
COV	[256-256]	256	18
COV	[257-257]	257	9
COV	[258-258]	258	4
COV	[259-259]	259	3
COV	[260-260]	260	7
COV	[261-261]	261	7
COV	[262-262]	262	6
COV	[263-263]	263	8
COV	[264-264]	264	11
COV	[265-265]	265	1
COV	[266-266]	266	4
COV	[267-267]	267	11
COV	[268-268]	268	4
COV	[269-269]	269	14
COV	[270-270]	270	13
COV	[271-271]	271	12
COV	[272-272]	272	5
COV	[273-273]	273	9
COV	[274-274]	274	9
COV	[275-275]	275	14
COV	[276-276]	276	14
COV	[277-277]	277	15
COV	[278-278]	278	23
COV	[279-279]	279	9
COV	[280-280]	280	14
COV	[281-281]	281	13
COV	[282-282]	282	9
COV	[283-283]	283	15
COV	[284-284]	284	11
COV	[285-285]	285	11
COV	[286-286]	286	6
COV	[287-287]	287	6
COV	[288-288]	288	3
COV	[289-289]	289	9
COV	[290-290]	290	12
COV	[291-291]	291	8
COV	[292-292]	292	8
COV	[293-293]	293	8
COV	[294-294]	294	13
COV	[295-295]	295	4
COV	[296-296]	296	13
COV	[297-297]	297	5
COV	[298-298]	298	12
COV	[299-299]	299	7
COV	[300-300]	300	2
COV	[301-301]	301	11
COV	[302-302]	302	8
COV	[303-303]	303	19
COV	[304-304]	304	6
COV	[305-305]	305	7
COV	[306-306]	306	11
COV	[307-307]	307	6
COV	[308-308]	308	8
COV	[309-309]	309	10
COV	[310-310]	310	8
COV	[311-311]	311	3
COV	[312-312]	312	11
COV	[313-313]	313	9
COV	[314-314]	314	3
COV	[315-315]	315	8
COV	[316-316]	316	8
COV	[317-317]	317	10
COV	[318-318]	318	7
COV	[319-319]	319	8
COV	[320-320]	320	7
COV	[321-321]	321	12
COV	[322-322]	322	7
COV	[323-323]	323	6
COV	[324-324]	324	7
COV	[325-325]	325	9
COV	[326-326]	326	10
COV	[327-327]	327	4
COV	[328-328]	328	3
COV	[329-329]	329	3
COV	[330-330]	330	4
COV	[331-331]	331	5
COV	[332-332]	332	6
COV	[333-333]	333	7
COV	[334-334]	334	4
COV	[335-335]	335	5
COV	[336-336]	336	2
COV	[337-337]	337	12
COV	[338-338]	338	10
COV	[339-339]	339	7
COV	[340-340]	340	10
COV	[341-341]	341	6
COV	[342-342]	342	12
COV	[343-343]	343	9
COV	[344-344]	344	13
COV	[345-345]	345	8
COV	[346-346]	346	6
COV	[347-347]	347	9
COV	[348-348]	348	5
COV	[349-349]	349	15
COV	[350-350]	350	10
COV	[351-351]	351	14
COV	[352-352]	352	5
COV	[353-353]	353	1
COV	[354-354]	354	4
COV	[355-355]	355	6
COV	[356-356]	356	8
COV	[357-357]	357	14
COV	[358-358]	358	8
COV	[359-359]	359	5
COV	[360-360]	360	11
COV	[361-361]	361	9
COV	[362-362]	362	6
COV	[363-363]	363	6
COV	[364-364]	364	3
COV	[365-365]	365	3
COV	[366-366]	366	3
COV	[367-367]	367	6
COV	[368-368]	368	4
COV	[369-369]	369	2
COV	[370-370]	370	5
COV	[371-371]	371	3
COV	[372-372]	372	1
COV	[373-373]	373	1
COV	[374-374]	374	1
COV	[375-375]	375	3
COV	[377-377]	377	5
COV	[378-378]	378	3
COV	[379-379]	379	2
COV	[380-380]	380	4
COV	[381-381]	381	1
COV	[382-382]	382	2
COV	[383-383]	383	2
COV	[384-384]	384	6
COV	[385-385]	385	1
COV	[390-390]	390	1
COV	[391-391]	391	1
COV	[392-392]	392	2
COV	[393-393]	393	2
COV	[394-394]	394	3
COV	[395-395]	395	2
COV	[397-397]	397	3
COV	[398-398]	398	8
COV	[399-399]	399	4
COV	[400-400]	400	3
COV	[402-402]	402	4
COV	[403-403]	403	5
COV	[404-404]	404	1
COV	[405-405]	405	5
COV	[406-406]	406	3
COV	[407-407]	407	5
COV	[408-408]	408	4
COV	[409-409]	409	3
COV	[410-410]	410	4
COV	[411-411]	411	4
COV	[412-412]	412	5
COV	[413-413]	413	2
COV	[414-414]	414	1
COV	[415-415]	415	2
COV	[416-416]	416	3
COV	[417-417]	417	2
COV	[418-418]	418	1
COV	[419-419]	419	1
COV	[420-420]	420	2
COV	[421-421]	421	1
COV	[422-422]	422	1
COV	[424-424]	424	1
COV	[426-426]	426	1
COV	[427-427]	427	1
COV	[430-430]	430	2
COV	[436-436]	436	1
# GC-depth. Use `grep ^GCD | cut -f 2-` to extract this part. The columns are: GC%, unique sequence percentiles, 10th, 25th, 50th, 75th and 90th depth percentile
GCD	0.0	0.066	0.000	0.000	0.000	0.000	0.000
GCD	14.8	0.098	0.158	0.158	0.158	0.158	0.158
GCD	30.0	0.164	4.590	4.590	5.452	6.315	6.315
GCD	31.0	0.295	0.242	0.272	0.510	1.876	2.282
GCD	32.0	0.426	1.075	1.200	3.384	9.044	10.328
GCD	33.0	0.950	0.100	0.138	0.473	0.810	2.045
GCD	34.0	1.638	0.120	0.136	0.316	0.934	3.591
GCD	35.0	2.588	0.118	0.158	0.202	0.902	2.637
GCD	36.0	4.456	0.106	0.128	0.187	0.333	1.712
GCD	37.0	7.339	0.098	0.128	0.177	0.244	0.897
GCD	38.0	10.845	0.108	0.148	0.197	0.454	2.240
GCD	39.0	17.071	0.119	0.157	0.217	0.346	1.754
GCD	40.0	23.853	0.127	0.158	0.212	0.335	1.688
GCD	41.0	30.374	0.128	0.148	0.197	0.266	1.972
GCD	42.0	35.714	0.128	0.158	0.197	0.276	2.080
GCD	43.0	40.826	0.128	0.148	0.187	0.254	1.438
GCD	44.0	46.199	0.143	0.168	0.207	0.622	2.021
GCD	45.0	51.278	0.138	0.168	0.217	0.700	2.406
GCD	46.0	55.931	0.158	0.187	0.237	0.625	2.785
GCD	47.0	60.256	0.138	0.184	0.229	1.251	3.087
GCD	48.0	64.712	0.146	0.182	0.246	0.947	2.984
GCD	49.0	68.414	0.158	0.197	0.276	1.363	3.275
GCD	50.0	72.215	0.177	0.208	0.483	1.834	4.665
GCD	51.0	74.738	0.168	0.202	0.271	2.485	4.867
GCD	52.0	77.851	0.177	0.207	0.454	2.361	5.704
GCD	53.0	80.210	0.197	0.256	0.863	2.851	6.195
GCD	54.0	82.602	0.221	0.550	2.169	3.855	6.816
GCD	55.0	85.223	0.242	0.285	2.043	4.211	5.475
GCD	56.0	87.254	0.285	0.917	1.602	3.498	6.651
GCD	57.0	88.925	0.243	0.804	1.711	4.634	8.297
GCD	58.0	90.400	0.272	0.858	2.889	5.009	7.830
GCD	59.0	91.874	0.282	0.774	2.642	5.536	7.759
GCD	60.0	94.037	0.518	1.305	3.160	6.365	10.234
GCD	61.0	95.740	0.959	1.200	2.536	5.999	9.457
GCD	62.0	96.920	0.663	1.370	2.485	5.455	10.970
GCD	63.0	97.903	0.579	1.329	3.520	6.962	12.982
GCD	64.0	98.755	0.389	0.520	1.077	7.139	13.571
GCD	65.0	99.115	0.628	0.927	4.338	6.547	9.928
GCD	66.0	99.607	0.709	1.085	2.070	8.100	13.074
GCD	67.0	99.902	0.567	1.060	1.923	2.364	12.783
GCD	68.0	99.967	0.789	0.789	1.006	1.223	1.223
GCD	69.0	100.000	1.114	1.114	1.114	1.114	1.114
